304.043 2.02364e-09
304.235 1.81726e-09
304.426 1.99599e-09
304.618 2.21668e-09
304.809 2.47615e-09
305 2.45991e-09
305.192 2.97146e-09
305.383 3.04552e-09
305.574 2.82588e-09
305.766 2.68178e-09
305.957 2.89044e-09
306.148 2.95977e-09
306.34 3.15662e-09
306.531 3.18298e-09
306.722 3.51773e-09
306.914 4.07582e-09
307.105 4.72416e-09
307.296 5.50718e-09
307.487 5.82777e-09
307.679 6.38529e-09
307.87 6.64147e-09
308.061 7.16169e-09
308.252 7.46569e-09
308.443 8.33545e-09
308.634 9.45081e-09
308.826 9.81381e-09
309.017 9.52796e-09
309.208 9.75508e-09
309.399 1.10224e-08
309.59 1.24603e-08
309.781 1.32764e-08
309.972 1.3063e-08
310.163 1.42003e-08
310.355 1.74332e-08
310.546 2.17252e-08
310.737 2.50342e-08
310.928 2.6495e-08
311.119 2.73101e-08
311.31 2.71498e-08
311.501 2.69362e-08
311.692 2.63515e-08
311.883 2.62208e-08
312.074 2.74228e-08
312.265 2.99328e-08
312.456 3.24346e-08
312.647 3.41313e-08
312.838 3.55114e-08
313.029 3.60554e-08
313.22 3.5128e-08
313.411 3.44299e-08
313.602 3.6443e-08
313.792 4.05441e-08
313.983 4.40151e-08
314.174 4.33036e-08
314.365 3.92837e-08
314.556 3.99372e-08
314.747 4.43879e-08
314.938 5.05547e-08
315.129 5.1779e-08
315.32 5.04576e-08
315.511 4.5142e-08
315.702 3.93755e-08
315.892 3.63295e-08
316.083 3.91351e-08
316.274 4.63931e-08
316.465 5.33688e-08
316.656 5.87964e-08
316.847 6.25842e-08
317.038 6.8036e-08
317.228 7.16364e-08
317.419 7.26672e-08
317.61 6.88382e-08
317.801 6.1767e-08
317.992 5.53138e-08
318.183 5.40321e-08
318.374 6.00334e-08
318.564 6.92417e-08
318.755 7.90312e-08
318.946 8.31854e-08
319.137 7.62717e-08
319.328 6.80542e-08
319.518 6.63551e-08
319.709 7.18425e-08
319.9 7.75577e-08
320.091 8.09634e-08
320.282 8.7437e-08
320.473 9.57273e-08
320.663 1.00334e-07
320.854 9.63678e-08
321.045 8.72577e-08
321.236 7.96433e-08
321.427 7.92894e-08
321.617 8.54413e-08
321.808 9.12716e-08
321.999 9.07884e-08
322.19 8.68359e-08
322.381 8.22005e-08
322.571 7.59644e-08
322.762 7.13339e-08
322.953 7.2682e-08
323.144 8.19837e-08
323.335 8.84263e-08
323.525 9.21031e-08
323.716 9.61088e-08
323.907 1.03459e-07
324.098 1.09568e-07
324.289 1.10768e-07
324.479 1.11475e-07
324.67 1.05923e-07
324.861 9.79974e-08
325.052 9.60381e-08
325.243 1.02847e-07
325.433 1.13915e-07
325.624 1.27195e-07
325.815 1.38617e-07
326.006 1.47019e-07
326.197 1.48276e-07
326.387 1.46016e-07
326.578 1.48229e-07
326.769 1.52739e-07
326.96 1.50496e-07
327.151 1.43582e-07
327.342 1.41747e-07
327.532 1.41569e-07
327.723 1.35564e-07
327.914 1.28577e-07
328.105 1.26781e-07
328.296 1.29786e-07
328.487 1.30898e-07
328.677 1.29881e-07
328.868 1.40015e-07
329.059 1.56193e-07
329.25 1.69618e-07
329.441 1.75422e-07
329.632 1.76269e-07
329.822 1.78856e-07
330.013 1.79924e-07
330.204 1.6989e-07
330.395 1.53442e-07
330.586 1.39214e-07
330.777 1.39296e-07
330.968 1.4397e-07
331.159 1.45831e-07
331.35 1.42105e-07
331.54 1.43905e-07
331.731 1.52526e-07
331.922 1.59229e-07
332.113 1.54479e-07
332.304 1.48007e-07
332.495 1.52293e-07
332.686 1.55868e-07
332.877 1.53716e-07
333.068 1.51483e-07
333.259 1.52948e-07
333.45 1.45016e-07
333.641 1.33064e-07
333.831 1.33617e-07
334.022 1.40481e-07
334.213 1.4903e-07
334.404 1.58123e-07
334.595 1.63463e-07
334.786 1.55365e-07
334.977 1.48826e-07
335.168 1.56581e-07
335.359 1.67923e-07
335.55 1.74376e-07
335.741 1.60394e-07
335.932 1.28959e-07
336.123 1.09963e-07
336.314 1.25012e-07
336.505 1.45092e-07
336.696 1.42561e-07
336.887 1.25749e-07
337.078 1.1414e-07
337.269 1.17027e-07
337.46 1.36227e-07
337.652 1.54553e-07
337.843 1.49526e-07
338.034 1.37345e-07
338.225 1.3805e-07
338.416 1.49664e-07
338.607 1.59635e-07
338.798 1.61937e-07
338.989 1.6001e-07
339.18 1.4737e-07
339.371 1.41543e-07
339.562 1.49563e-07
339.754 1.662e-07
339.945 1.78013e-07
340.136 1.78047e-07
340.327 1.69915e-07
340.518 1.60257e-07
340.709 1.54239e-07
340.9 1.52874e-07
341.092 1.55752e-07
341.283 1.47885e-07
341.474 1.39535e-07
341.665 1.44181e-07
341.856 1.61347e-07
342.048 1.7083e-07
342.239 1.63174e-07
342.43 1.56217e-07
342.621 1.55253e-07
342.813 1.64139e-07
343.004 1.73224e-07
343.195 1.6706e-07
343.386 1.61318e-07
343.578 1.58603e-07
343.769 1.52275e-07
343.96 1.28585e-07
344.151 1.06301e-07
344.343 1.03693e-07
344.534 1.1637e-07
344.725 1.32796e-07
344.917 1.50542e-07
345.108 1.58118e-07
345.299 1.57614e-07
345.491 1.60173e-07
345.682 1.56598e-07
345.874 1.43136e-07
346.065 1.32056e-07
346.256 1.39222e-07
346.448 1.48411e-07
346.639 1.53679e-07
346.83 1.59058e-07
347.022 1.64336e-07
347.213 1.57618e-07
347.405 1.38572e-07
347.596 1.24993e-07
347.788 1.33161e-07
347.979 1.48425e-07
348.171 1.52418e-07
348.362 1.45246e-07
348.554 1.48424e-07
348.745 1.53812e-07
348.937 1.44393e-07
349.128 1.32117e-07
349.32 1.33297e-07
349.511 1.35977e-07
349.703 1.35806e-07
349.894 1.49527e-07
350.086 1.68256e-07
350.277 1.81105e-07
350.469 1.77256e-07
350.66 1.71892e-07
350.852 1.66496e-07
351.044 1.59827e-07
351.235 1.48025e-07
351.427 1.40684e-07
351.619 1.53229e-07
351.81 1.69383e-07
352.002 1.67177e-07
352.193 1.50839e-07
352.385 1.30803e-07
352.577 1.22017e-07
352.769 1.34885e-07
352.96 1.55576e-07
353.152 1.61257e-07
353.344 1.62863e-07
353.535 1.67394e-07
353.727 1.72148e-07
353.919 1.75421e-07
354.111 1.73125e-07
354.302 1.73879e-07
354.494 1.76725e-07
354.686 1.78445e-07
354.878 1.78405e-07
355.07 1.78082e-07
355.261 1.68378e-07
355.453 1.59202e-07
355.645 1.58595e-07
355.837 1.59427e-07
356.029 1.60422e-07
356.221 1.67987e-07
356.412 1.56533e-07
356.604 1.35339e-07
356.796 1.22139e-07
356.988 1.15921e-07
357.18 1.19756e-07
357.372 1.31428e-07
357.564 1.44513e-07
357.756 1.42728e-07
357.948 1.23198e-07
358.14 1.02741e-07
358.332 9.77335e-08
358.524 9.5721e-08
358.716 9.88098e-08
358.908 1.14328e-07
359.1 1.40994e-07
359.292 1.54946e-07
359.484 1.63823e-07
359.676 1.72024e-07
359.868 1.80853e-07
360.06 1.80345e-07
360.252 1.65507e-07
360.444 1.47928e-07
360.636 1.39275e-07
360.828 1.29255e-07
361.02 1.27241e-07
361.213 1.35335e-07
361.405 1.48535e-07
361.597 1.52046e-07
361.789 1.33159e-07
361.981 1.1985e-07
362.173 1.32783e-07
362.366 1.53961e-07
362.558 1.7326e-07
362.75 1.85998e-07
362.942 1.73635e-07
363.134 1.42973e-07
363.327 1.30154e-07
363.519 1.39185e-07
363.711 1.54658e-07
363.903 1.69171e-07
364.096 1.76426e-07
364.288 1.68633e-07
364.48 1.5441e-07
364.673 1.41194e-07
364.865 1.37659e-07
365.057 1.48014e-07
365.25 1.68654e-07
365.442 1.81531e-07
365.635 1.88385e-07
365.827 1.94716e-07
366.019 1.99007e-07
366.212 1.93722e-07
366.404 1.87008e-07
366.597 1.84616e-07
366.789 1.79473e-07
366.981 1.76685e-07
367.174 1.83489e-07
367.366 1.90785e-07
367.559 1.88499e-07
367.751 1.75496e-07
367.944 1.62224e-07
368.136 1.6149e-07
368.329 1.69733e-07
368.522 1.67469e-07
368.714 1.55838e-07
368.907 1.59813e-07
369.099 1.81876e-07
369.292 1.90678e-07
369.484 1.85627e-07
369.677 1.84244e-07
369.87 1.95359e-07
370.062 2.02251e-07
370.255 1.92659e-07
370.448 1.64911e-07
370.64 1.4522e-07
370.833 1.41801e-07
371.026 1.58116e-07
371.218 1.85481e-07
371.411 2.06038e-07
371.604 2.07253e-07
371.797 1.82308e-07
371.989 1.41457e-07
372.182 1.22149e-07
372.375 1.43679e-07
372.568 1.68355e-07
372.76 1.73008e-07
372.953 1.70624e-07
373.146 1.60394e-07
373.339 1.30552e-07
373.532 1.01838e-07
373.725 1.04221e-07
373.918 1.37072e-07
374.11 1.64034e-07
374.303 1.58795e-07
374.496 1.34181e-07
374.689 1.14799e-07
374.882 1.04179e-07
375.075 1.2001e-07
375.268 1.54802e-07
375.461 1.88038e-07
375.654 1.82472e-07
375.847 1.55411e-07
376.04 1.47397e-07
376.233 1.5402e-07
376.426 1.59189e-07
376.619 1.54839e-07
376.812 1.56447e-07
377.005 1.59768e-07
377.198 1.73061e-07
377.391 1.86168e-07
377.584 1.9349e-07
377.777 1.9552e-07
377.971 2.02958e-07
378.164 2.10298e-07
378.357 2.14999e-07
378.55 2.00601e-07
378.743 1.77303e-07
378.936 1.62077e-07
379.13 1.64053e-07
379.323 1.61777e-07
379.516 1.53531e-07
379.709 1.39702e-07
379.903 1.37623e-07
380.096 1.53564e-07
380.289 1.78459e-07
380.482 1.88129e-07
380.676 1.80926e-07
380.869 1.81382e-07
381.062 1.89175e-07
381.256 1.79602e-07
381.449 1.51792e-07
381.642 1.39512e-07
381.836 1.37385e-07
382.029 1.29158e-07
382.222 1.26237e-07
382.416 1.19968e-07
382.609 1.06019e-07
382.803 9.82087e-08
382.996 1.03504e-07
383.19 1.00316e-07
383.383 9.46969e-08
383.577 9.76775e-08
383.77 9.7777e-08
383.964 9.47668e-08
384.157 1.10816e-07
384.351 1.3816e-07
384.544 1.54489e-07
384.738 1.59781e-07
384.931 1.53678e-07
385.125 1.51973e-07
385.318 1.52417e-07
385.512 1.46467e-07
385.706 1.34644e-07
385.899 1.16691e-07
386.093 1.18823e-07
386.287 1.43424e-07
386.48 1.60692e-07
386.674 1.59201e-07
386.868 1.48047e-07
387.061 1.30473e-07
387.255 1.23856e-07
387.449 1.43288e-07
387.642 1.55041e-07
387.836 1.45666e-07
388.03 1.34659e-07
388.224 1.34088e-07
388.418 1.38623e-07
388.611 1.35108e-07
388.805 1.27707e-07
388.999 1.36932e-07
389.193 1.59318e-07
389.387 1.70435e-07
389.581 1.75036e-07
389.775 1.77607e-07
389.968 1.78592e-07
390.162 1.7567e-07
390.356 1.67029e-07
390.55 1.57585e-07
390.744 1.66875e-07
390.938 1.84e-07
391.132 1.97245e-07
391.326 1.99594e-07
391.52 1.96737e-07
391.714 1.901e-07
391.908 1.76747e-07
392.102 1.60514e-07
392.296 1.56313e-07
392.49 1.55693e-07
392.684 1.39542e-07
392.878 1.10622e-07
393.073 8.19123e-08
393.267 5.9463e-08
393.461 5.176e-08
393.655 6.49399e-08
393.849 9.29711e-08
394.043 1.19906e-07
394.237 1.31633e-07
394.432 1.39079e-07
394.626 1.5426e-07
394.82 1.69715e-07
395.014 1.82322e-07
395.209 1.84745e-07
395.403 1.87078e-07
395.597 1.84656e-07
395.791 1.84921e-07
395.986 1.75238e-07
396.18 1.49667e-07
396.374 1.2305e-07
396.569 9.92946e-08
396.763 7.28633e-08
396.957 6.14848e-08
397.152 7.80513e-08
397.346 1.08524e-07
397.541 1.38923e-07
397.735 1.66659e-07
397.929 1.92522e-07
398.124 2.05399e-07
398.318 2.0574e-07
398.513 2.0412e-07
398.707 2.09779e-07
398.902 2.19108e-07
399.096 2.26642e-07
399.291 2.3064e-07
