267.38 1.11474e-10
267.445 9.16988e-11
267.51 1.07172e-10
267.575 1.05857e-10
267.64 1.12755e-10
267.705 1.07316e-10
267.77 1.07782e-10
267.835 9.30879e-11
267.9 9.00325e-11
267.965 9.05072e-11
268.03 8.99208e-11
268.095 9.45593e-11
268.16 9.89243e-11
268.225 1.02505e-10
268.291 1.0503e-10
268.356 1.06137e-10
268.421 1.0583e-10
268.486 1.13176e-10
268.551 9.85451e-11
268.616 1.03834e-10
268.681 1.01523e-10
268.746 1.0359e-10
268.811 1.06776e-10
268.876 1.03453e-10
268.941 8.23722e-11
269.006 9.05901e-11
269.071 9.155e-11
269.137 9.27496e-11
269.202 1.04041e-10
269.267 1.05225e-10
269.332 1.0064e-10
269.397 9.61971e-11
269.462 1.00193e-10
269.527 9.95131e-11
269.592 8.88576e-11
269.657 9.59211e-11
269.722 8.79527e-11
269.787 8.73046e-11
269.852 1.02214e-10
269.918 1.11691e-10
269.983 1.09164e-10
270.048 1.04876e-10
270.113 1.07088e-10
270.178 1.0755e-10
270.243 1.10516e-10
270.308 1.18131e-10
270.373 1.15807e-10
270.438 1.12783e-10
270.503 1.2195e-10
270.568 1.24705e-10
270.634 1.26665e-10
270.699 1.2361e-10
270.764 1.15311e-10
270.829 1.04205e-10
270.894 1.13241e-10
270.959 1.11617e-10
271.024 1.12726e-10
271.089 1.03589e-10
271.154 1.1339e-10
271.219 1.0992e-10
271.284 1.12164e-10
271.35 1.02421e-10
271.415 1.00621e-10
271.48 1.07538e-10
271.545 9.49643e-11
271.61 9.59189e-11
271.675 9.58956e-11
271.74 9.40613e-11
271.805 8.71284e-11
271.87 7.06376e-11
271.935 7.43854e-11
272.001 6.60341e-11
272.066 5.91934e-11
272.131 6.31206e-11
272.196 7.38556e-11
272.261 7.26342e-11
272.326 7.97202e-11
272.391 7.94746e-11
272.456 8.56678e-11
272.521 8.02277e-11
272.586 8.84768e-11
272.652 8.70431e-11
272.717 8.52644e-11
272.782 8.90321e-11
272.847 1.10577e-10
272.912 1.147e-10
272.977 1.05869e-10
273.042 1.07062e-10
273.107 1.15735e-10
273.172 1.21405e-10
273.237 9.84992e-11
273.302 9.54402e-11
273.368 8.49003e-11
273.433 9.26533e-11
273.498 8.74056e-11
273.563 7.55395e-11
273.628 7.35311e-11
273.693 8.13846e-11
273.758 8.21656e-11
273.823 7.37701e-11
273.888 7.69573e-11
273.953 5.29158e-11
274.019 7.16071e-11
274.084 6.68132e-11
274.149 5.703e-11
274.214 5.35296e-11
274.279 6.3981e-11
274.344 5.87411e-11
274.409 7.37676e-11
274.474 6.25796e-11
274.539 5.40124e-11
274.604 6.63903e-11
274.67 5.76829e-11
274.735 5.97397e-11
274.8 5.90354e-11
274.865 4.81962e-11
274.93 4.7286e-11
274.995 6.09919e-11
275.06 6.93398e-11
275.125 7.47072e-11
275.19 7.80919e-11
275.255 7.66072e-11
275.321 8.01978e-11
275.386 8.68601e-11
275.451 7.8478e-11
275.516 6.84133e-11
275.581 6.54768e-11
275.646 5.93372e-11
275.711 8.53182e-11
275.776 8.34069e-11
275.841 1.02418e-10
275.906 1.00843e-10
275.972 1.17351e-10
276.037 1.17054e-10
276.102 1.25945e-10
276.167 1.14844e-10
276.232 1.14582e-10
276.297 1.10464e-10
276.362 1.11267e-10
276.427 1.11489e-10
276.492 1.17837e-10
276.557 1.30824e-10
276.623 1.30885e-10
276.688 1.22657e-10
276.753 1.20815e-10
276.818 1.19595e-10
276.883 1.18227e-10
276.948 1.20881e-10
277.013 1.23531e-10
277.078 1.21881e-10
277.143 1.14987e-10
277.208 1.29727e-10
277.273 1.33486e-10
277.339 1.35371e-10
277.404 1.31151e-10
277.469 1.25608e-10
277.534 1.19115e-10
277.599 1.13026e-10
277.664 1.14882e-10
277.729 1.2043e-10
277.794 1.03961e-10
277.859 9.56635e-11
277.924 9.38378e-11
277.99 7.42706e-11
278.055 8.88524e-11
278.12 8.10373e-11
278.185 8.64626e-11
278.25 8.6917e-11
278.315 8.68304e-11
278.38 8.61935e-11
278.445 8.25112e-11
278.51 8.23876e-11
278.575 8.15805e-11
278.64 9.06106e-11
278.706 8.3131e-11
278.771 7.33806e-11
278.836 8.1282e-11
278.901 6.79263e-11
278.966 6.07213e-11
279.031 5.63031e-11
279.096 5.9312e-11
279.161 6.03914e-11
279.226 4.2718e-11
279.291 4.63417e-11
279.356 4.44682e-11
279.422 4.23635e-11
279.487 4.14449e-11
279.552 3.56297e-11
279.617 3.84494e-11
279.682 4.66366e-11
279.747 4.91923e-11
279.812 5.5774e-11
279.877 3.30813e-11
279.942 4.11713e-11
280.007 3.81354e-11
280.072 3.74415e-11
280.137 3.02259e-11
280.203 3.66678e-11
280.268 4.90673e-11
280.333 4.40216e-11
280.398 3.99524e-11
280.463 3.83465e-11
280.528 4.31615e-11
280.593 3.65875e-11
280.658 5.05148e-11
280.723 5.61369e-11
280.788 6.13776e-11
280.853 8.37947e-11
280.918 9.23377e-11
280.984 6.73349e-11
281.049 8.11109e-11
281.114 8.00652e-11
281.179 8.59962e-11
281.244 9.90869e-11
281.309 1.03303e-10
281.374 1.08977e-10
281.439 1.13921e-10
281.504 1.26831e-10
281.569 1.33676e-10
281.634 1.32611e-10
281.699 1.38417e-10
281.764 1.4021e-10
281.83 1.43657e-10
281.895 1.51236e-10
281.96 1.56902e-10
282.025 1.62327e-10
282.09 1.48423e-10
282.155 1.58464e-10
282.22 1.79868e-10
282.285 1.70699e-10
282.35 1.94254e-10
282.415 1.69194e-10
282.48 1.63781e-10
282.545 1.73557e-10
282.61 1.68207e-10
282.676 1.88946e-10
282.741 1.72525e-10
282.806 1.72168e-10
282.871 1.71313e-10
282.936 1.91928e-10
283.001 1.98843e-10
283.066 1.87974e-10
283.131 1.95267e-10
283.196 2.05122e-10
283.261 2.07205e-10
283.326 1.90745e-10
283.391 1.89858e-10
283.456 1.88562e-10
283.521 1.7141e-10
283.587 1.78802e-10
283.652 1.7939e-10
283.717 1.85691e-10
283.782 1.94199e-10
283.847 2.07089e-10
283.912 1.92853e-10
283.977 1.96811e-10
284.042 1.99078e-10
284.107 2.06251e-10
284.172 1.84699e-10
284.237 1.80247e-10
284.302 1.65082e-10
284.367 1.80215e-10
284.432 1.7616e-10
284.497 1.60599e-10
284.562 1.51078e-10
284.628 1.5341e-10
284.693 1.40933e-10
284.758 1.32668e-10
284.823 1.16819e-10
284.888 1.04375e-10
284.953 9.10348e-11
285.018 7.10674e-11
285.083 6.45776e-11
285.148 5.78353e-11
285.213 5.31465e-11
285.278 5.23361e-11
285.343 4.66323e-11
285.408 5.34527e-11
285.473 6.19684e-11
285.538 7.65917e-11
285.603 9.22211e-11
285.668 1.05729e-10
285.734 1.21353e-10
285.799 1.41097e-10
285.864 1.47186e-10
285.929 1.75483e-10
285.994 1.89579e-10
286.059 1.96382e-10
286.124 2.05229e-10
286.189 2.23275e-10
286.254 2.22562e-10
286.319 2.41782e-10
286.384 2.32298e-10
286.449 2.41685e-10
286.514 2.52421e-10
286.579 2.46115e-10
286.644 2.41484e-10
286.709 2.37848e-10
286.774 2.37917e-10
286.839 2.27274e-10
286.904 2.33762e-10
286.97 2.32078e-10
287.035 2.53414e-10
287.1 2.55764e-10
287.165 2.82644e-10
287.23 2.68437e-10
287.295 2.92377e-10
287.36 2.88532e-10
287.425 2.74149e-10
287.49 2.62876e-10
287.555 2.60909e-10
287.62 2.64514e-10
287.685 2.6358e-10
287.75 2.54521e-10
287.815 2.36878e-10
287.88 2.35112e-10
287.945 2.13699e-10
288.01 1.84951e-10
288.075 1.6334e-10
288.14 1.47704e-10
288.205 1.51004e-10
288.27 1.48836e-10
288.335 1.7536e-10
288.401 2.04804e-10
288.466 2.49918e-10
288.531 2.81663e-10
288.596 3.01981e-10
288.661 3.1494e-10
288.726 3.28195e-10
288.791 3.16346e-10
288.856 3.03437e-10
288.921 3.20203e-10
288.986 3.16664e-10
289.051 3.2883e-10
289.116 3.30835e-10
289.181 3.25445e-10
289.246 3.26799e-10
289.311 3.28318e-10
289.376 3.31651e-10
289.441 3.71123e-10
289.506 3.8378e-10
289.571 3.93402e-10
289.636 4.11378e-10
289.701 4.27022e-10
289.766 4.4225e-10
289.831 4.66451e-10
289.896 4.87778e-10
289.961 5.20498e-10
290.026 5.03586e-10
290.091 5.06773e-10
290.156 5.21042e-10
290.221 5.69183e-10
290.286 5.47943e-10
290.352 5.69046e-10
290.417 5.49819e-10
290.482 5.51644e-10
290.547 5.74048e-10
290.612 5.63588e-10
290.677 5.54835e-10
290.742 5.40666e-10
290.807 5.21596e-10
290.872 5.1076e-10
290.937 5.16032e-10
291.002 5.20783e-10
291.067 5.05427e-10
291.132 5.32503e-10
291.197 5.82454e-10
291.262 5.68051e-10
291.327 5.78568e-10
291.392 5.68423e-10
291.457 5.59571e-10
291.522 5.77583e-10
291.587 5.59178e-10
291.652 5.18782e-10
291.717 5.06095e-10
291.782 5.29148e-10
291.847 5.51535e-10
291.912 5.55444e-10
291.977 5.38508e-10
292.042 5.51215e-10
292.107 5.63541e-10
292.172 5.77496e-10
292.237 5.50797e-10
292.302 5.34149e-10
292.367 5.47172e-10
292.432 5.09683e-10
292.497 4.87316e-10
292.562 4.81687e-10
292.627 4.75216e-10
292.692 4.77271e-10
292.757 4.43041e-10
292.822 4.38206e-10
292.887 4.91553e-10
292.952 5.14319e-10
293.017 5.59333e-10
293.082 5.77026e-10
293.147 6.18326e-10
293.212 6.49767e-10
293.277 6.65439e-10
293.342 6.77044e-10
293.407 7.07069e-10
293.472 7.06075e-10
293.537 6.21269e-10
293.603 5.83203e-10
293.668 5.6711e-10
293.733 5.62352e-10
293.798 5.17155e-10
293.863 4.92237e-10
293.928 4.94688e-10
293.993 5.28643e-10
294.058 5.41348e-10
294.123 5.79314e-10
294.188 6.01636e-10
294.253 6.34704e-10
294.318 6.0589e-10
294.383 6.08725e-10
294.448 6.53478e-10
294.513 7.1032e-10
294.578 6.87062e-10
294.643 6.13609e-10
294.708 5.92039e-10
294.773 5.60465e-10
294.838 5.48667e-10
294.903 5.31072e-10
294.968 5.14939e-10
295.033 5.37157e-10
295.098 6.27734e-10
295.163 7.04159e-10
295.228 7.18333e-10
295.293 7.19105e-10
295.358 7.26143e-10
295.423 7.53486e-10
295.488 7.40738e-10
295.553 7.10816e-10
295.618 6.42375e-10
295.683 7.03587e-10
295.748 7.75369e-10
295.813 7.75785e-10
295.878 7.64272e-10
295.943 7.60703e-10
296.008 7.69128e-10
296.073 8.43781e-10
296.138 8.67361e-10
296.203 8.64792e-10
296.268 8.82454e-10
296.333 8.76924e-10
296.398 8.21205e-10
296.463 7.81105e-10
296.528 7.00495e-10
296.593 6.071e-10
296.658 5.63413e-10
296.723 5.35399e-10
296.788 5.49557e-10
296.853 5.28127e-10
296.918 5.35317e-10
296.983 6.01044e-10
297.048 6.63907e-10
297.113 6.64896e-10
297.178 6.09312e-10
297.243 5.78827e-10
297.308 6.65999e-10
297.373 7.61057e-10
297.438 7.82633e-10
297.503 7.86054e-10
297.568 8.58139e-10
297.633 1.02041e-09
297.698 1.09687e-09
297.763 1.10207e-09
297.828 1.06066e-09
297.893 1.07384e-09
297.958 1.044e-09
298.023 9.59505e-10
298.088 8.39643e-10
298.153 7.81434e-10
298.218 6.98944e-10
298.283 6.51933e-10
298.348 5.95952e-10
298.413 5.41366e-10
298.478 5.68209e-10
298.543 6.08513e-10
298.608 5.5852e-10
298.673 6.09974e-10
298.738 6.774e-10
298.803 7.64042e-10
298.867 8.74934e-10
298.932 9.60494e-10
298.997 1.01989e-09
299.062 1.06644e-09
299.127 1.10416e-09
299.192 1.12645e-09
299.257 1.09858e-09
299.322 9.72336e-10
299.387 8.93754e-10
299.452 8.71477e-10
299.517 9.03631e-10
299.582 9.61095e-10
299.647 9.98433e-10
299.711 1.06862e-09
299.776 1.20652e-09
299.841 1.13811e-09
299.906 1.02752e-09
299.971 9.90539e-10
300.036 8.52702e-10
300.101 7.7037e-10
300.166 7.69473e-10
300.231 5.84609e-10
300.296 8.52565e-10
300.361 8.72315e-10
300.426 8.97463e-10
300.491 1.05209e-09
300.556 9.81972e-10
300.621 1.03888e-09
300.686 9.84355e-10
300.751 1.19016e-09
300.816 1.11059e-09
300.881 9.27492e-10
300.946 9.14754e-10
301.011 1.08715e-09
301.076 1.18984e-09
301.141 1.35654e-09
301.206 1.45265e-09
301.271 1.47133e-09
301.336 1.46126e-09
301.401 1.49268e-09
301.466 1.41578e-09
301.531 1.48179e-09
301.596 1.37748e-09
301.661 1.47259e-09
301.726 1.42156e-09
301.791 1.24781e-09
301.856 1.18681e-09
301.921 9.66103e-10
301.986 8.38934e-10
302.051 7.22632e-10
302.116 8.4258e-10
302.181 9.349e-10
302.246 1.25677e-09
302.311 1.33722e-09
302.375 1.48088e-09
302.44 1.61357e-09
302.505 1.53607e-09
302.57 1.62178e-09
302.635 1.84298e-09
302.7 1.88065e-09
302.765 2.1385e-09
302.83 2.3183e-09
302.895 2.44073e-09
302.96 2.61169e-09
303.025 2.55376e-09
303.09 2.52616e-09
303.155 2.66915e-09
303.22 2.7364e-09
303.285 2.95827e-09
303.35 2.84698e-09
303.415 3.17163e-09
303.48 3.3553e-09
303.545 3.34555e-09
303.61 2.80211e-09
303.675 2.83331e-09
303.74 2.76541e-09
303.805 2.71503e-09
303.87 2.58913e-09
303.935 2.62304e-09
304 2.41836e-09
304.065 2.58494e-09
304.13 2.76993e-09
304.195 2.84454e-09
304.26 2.96877e-09
304.325 3.06765e-09
304.39 3.22002e-09
304.455 3.6056e-09
304.52 3.87272e-09
304.585 3.93411e-09
304.65 3.61582e-09
304.715 3.56135e-09
304.78 3.82773e-09
304.845 3.94368e-09
304.91 3.8818e-09
304.975 3.92982e-09
305.04 4.61037e-09
305.105 5.33566e-09
305.17 5.95695e-09
305.235 5.91946e-09
305.3 5.75689e-09
305.365 5.83993e-09
305.429 5.99099e-09
305.494 6.19305e-09
305.559 5.5117e-09
305.624 4.90499e-09
305.689 4.52636e-09
305.754 4.36641e-09
305.819 4.07495e-09
305.884 4.01233e-09
305.949 4.07794e-09
306.014 4.18021e-09
306.079 4.87812e-09
306.144 5.59885e-09
306.209 5.82744e-09
306.274 6.18051e-09
306.339 6.09669e-09
306.404 6.26287e-09
306.469 6.18988e-09
306.534 5.87114e-09
306.599 5.30919e-09
306.664 5.30022e-09
306.729 5.64383e-09
306.794 6.45163e-09
306.859 6.62679e-09
306.924 7.24954e-09
306.989 8.0784e-09
307.054 8.82373e-09
307.119 9.18038e-09
307.184 9.62499e-09
307.249 1.00867e-08
307.314 1.03609e-08
307.379 1.02994e-08
307.444 9.8317e-09
307.509 1.01731e-08
307.574 1.10613e-08
307.639 1.11967e-08
307.704 1.06417e-08
307.769 1.07735e-08
307.834 1.12436e-08
307.899 1.21406e-08
307.964 1.20682e-08
308.028 1.13337e-08
308.093 1.07438e-08
308.158 1.10938e-08
308.223 1.07977e-08
308.288 1.08418e-08
308.353 1.16399e-08
308.418 1.22679e-08
308.483 1.32342e-08
308.548 1.38893e-08
308.613 1.39268e-08
308.678 1.39716e-08
308.743 1.42054e-08
308.808 1.33247e-08
308.873 1.28082e-08
308.938 1.21377e-08
309.003 1.16505e-08
309.068 1.18097e-08
309.133 1.14441e-08
309.198 1.06415e-08
309.263 1.02334e-08
309.328 1.07513e-08
309.393 1.21133e-08
309.458 1.35715e-08
309.523 1.35447e-08
309.588 1.38548e-08
309.653 1.54147e-08
309.718 1.66411e-08
309.783 1.66422e-08
309.848 1.54328e-08
309.913 1.37597e-08
309.978 1.35664e-08
310.043 1.35688e-08
310.108 1.30696e-08
310.173 1.33348e-08
310.238 1.40367e-08
310.303 1.61781e-08
310.367 1.87995e-08
310.432 2.06211e-08
310.497 2.29547e-08
310.562 2.51964e-08
310.627 2.61585e-08
310.692 2.75427e-08
310.757 2.85375e-08
310.822 2.94343e-08
310.887 2.97944e-08
310.952 3.02155e-08
311.017 3.08753e-08
311.082 3.06049e-08
311.147 3.09119e-08
311.212 3.07432e-08
311.277 2.97721e-08
311.342 2.96122e-08
311.407 3.0726e-08
311.472 3.104e-08
311.537 3.03358e-08
311.602 2.92428e-08
311.667 2.87388e-08
311.732 2.93517e-08
311.797 2.94023e-08
311.862 2.82363e-08
311.927 2.74303e-08
311.992 2.83929e-08
312.057 2.8461e-08
312.122 2.85254e-08
312.187 3.01709e-08
312.252 3.20434e-08
312.317 3.48199e-08
312.382 3.5139e-08
312.447 3.53461e-08
312.512 3.62546e-08
312.577 3.75134e-08
312.642 3.86271e-08
312.706 3.83776e-08
312.771 3.70905e-08
312.836 3.91224e-08
312.901 4.03022e-08
312.966 4.06181e-08
313.031 4.14853e-08
313.096 4.02316e-08
313.161 4.02424e-08
313.226 4.02077e-08
313.291 3.76853e-08
313.356 3.72066e-08
313.421 3.77825e-08
313.486 3.69537e-08
313.551 3.67811e-08
313.616 3.76306e-08
313.681 3.94909e-08
313.746 4.31446e-08
313.811 4.52493e-08
313.876 4.6194e-08
313.941 4.81988e-08
314.006 5.10948e-08
314.071 5.346e-08
314.136 5.31655e-08
314.201 5.10601e-08
314.266 4.63997e-08
314.331 4.30713e-08
314.396 4.14137e-08
314.461 4.00216e-08
314.526 3.93524e-08
314.591 3.85126e-08
314.656 3.97404e-08
314.721 4.53826e-08
314.786 5.20177e-08
314.851 5.50981e-08
314.915 5.64677e-08
314.98 5.73041e-08
315.045 5.93777e-08
315.11 6.03779e-08
315.175 6.04512e-08
315.24 5.91665e-08
315.305 5.69109e-08
315.37 5.56924e-08
315.435 5.40679e-08
315.5 5.30119e-08
315.565 4.99386e-08
315.63 4.60158e-08
315.695 4.2541e-08
315.76 3.99283e-08
315.825 3.85326e-08
315.89 3.74389e-08
315.955 3.60252e-08
316.02 3.61999e-08
316.085 3.88936e-08
316.15 4.16402e-08
316.215 4.76224e-08
316.28 5.11095e-08
316.345 5.28345e-08
316.41 5.66844e-08
316.475 6.00411e-08
316.54 6.19508e-08
316.605 6.63114e-08
316.67 6.61842e-08
316.735 6.57607e-08
316.8 6.7289e-08
316.865 6.85883e-08
316.93 7.11676e-08
316.994 7.53279e-08
317.059 7.44944e-08
317.124 7.75171e-08
317.189 8.20714e-08
317.254 8.49548e-08
317.319 8.61292e-08
317.384 8.3883e-08
317.449 8.08474e-08
317.514 8.15935e-08
317.579 8.12497e-08
317.644 7.82499e-08
317.709 7.64009e-08
317.774 7.24266e-08
317.839 6.86197e-08
317.904 6.61044e-08
317.969 6.1957e-08
318.034 5.58318e-08
318.099 5.40254e-08
318.164 5.40676e-08
318.229 5.59313e-08
318.294 5.99546e-08
318.359 6.3052e-08
318.424 6.64744e-08
318.489 7.19048e-08
318.554 7.49087e-08
318.619 7.86848e-08
318.684 8.13369e-08
318.749 8.44338e-08
318.814 9.2976e-08
318.878 9.74447e-08
318.943 9.6504e-08
319.008 9.74741e-08
319.073 9.42457e-08
319.138 8.79252e-08
319.203 8.31848e-08
319.268 7.54559e-08
319.333 6.89464e-08
319.398 6.72917e-08
319.463 6.57215e-08
319.528 6.73413e-08
319.593 7.01121e-08
319.658 7.53825e-08
319.723 8.02711e-08
319.788 8.53635e-08
319.853 8.45963e-08
319.918 8.38546e-08
319.983 8.51921e-08
320.048 9.11142e-08
320.113 9.03222e-08
320.178 8.74112e-08
320.243 8.84571e-08
320.308 9.49274e-08
320.373 1.02852e-07
320.438 1.03906e-07
320.502 1.05574e-07
320.567 1.11014e-07
320.632 1.15829e-07
320.697 1.15275e-07
320.762 1.11525e-07
320.827 1.09321e-07
320.892 1.08585e-07
320.957 1.03073e-07
321.022 9.77869e-08
321.087 9.04791e-08
321.152 8.78035e-08
321.217 8.56829e-08
321.282 8.0979e-08
321.347 7.99066e-08
321.412 8.28581e-08
321.477 8.51585e-08
321.542 8.8935e-08
321.607 8.7252e-08
321.672 9.20303e-08
321.737 1.00323e-07
321.802 1.03287e-07
321.867 1.01111e-07
321.931 1.01773e-07
321.996 1.02653e-07
322.061 1.01276e-07
322.126 9.64031e-08
322.191 8.95235e-08
322.256 8.94498e-08
322.321 9.30605e-08
322.386 9.02335e-08
322.451 8.4239e-08
322.516 8.44129e-08
322.581 8.44473e-08
322.646 8.33424e-08
322.711 7.77668e-08
322.776 7.19395e-08
322.841 6.87778e-08
322.906 7.11688e-08
322.971 7.45136e-08
323.036 7.74563e-08
323.1 8.45106e-08
323.165 8.93245e-08
323.23 9.43555e-08
323.295 9.67031e-08
323.36 9.78313e-08
323.425 1.00482e-07
323.49 9.98781e-08
323.555 9.49018e-08
323.62 9.72738e-08
323.685 1.00774e-07
323.75 1.05633e-07
323.815 1.0534e-07
323.88 1.08047e-07
323.945 1.13411e-07
324.01 1.20709e-07
324.075 1.19202e-07
324.14 1.18429e-07
324.204 1.18499e-07
324.269 1.21511e-07
324.334 1.21708e-07
324.399 1.20077e-07
324.464 1.20811e-07
324.529 1.24647e-07
324.594 1.20019e-07
324.659 1.16514e-07
324.724 1.13321e-07
324.789 1.10302e-07
324.854 1.0664e-07
324.919 1.01521e-07
324.984 9.5435e-08
325.049 9.78512e-08
325.114 1.02369e-07
325.178 1.07157e-07
325.243 1.10372e-07
325.308 1.09362e-07
325.373 1.15984e-07
325.438 1.24447e-07
325.503 1.28089e-07
325.568 1.33071e-07
325.633 1.34536e-07
325.698 1.40126e-07
325.763 1.49223e-07
325.828 1.53675e-07
325.893 1.54683e-07
325.958 1.59485e-07
326.022 1.59823e-07
326.087 1.625e-07
326.152 1.66794e-07
326.217 1.66216e-07
326.282 1.63334e-07
326.347 1.58937e-07
326.412 1.53249e-07
326.477 1.55219e-07
326.542 1.60781e-07
326.607 1.5982e-07
326.672 1.60725e-07
326.737 1.6503e-07
326.801 1.70231e-07
326.866 1.73852e-07
326.931 1.7287e-07
326.996 1.63386e-07
327.061 1.56283e-07
327.126 1.55293e-07
327.191 1.52593e-07
327.256 1.51023e-07
327.321 1.48748e-07
327.386 1.51355e-07
327.451 1.57242e-07
327.515 1.58434e-07
327.58 1.55437e-07
327.645 1.52802e-07
327.71 1.51466e-07
327.775 1.47391e-07
327.84 1.40253e-07
327.905 1.34587e-07
327.97 1.35741e-07
328.035 1.36259e-07
328.1 1.3462e-07
328.164 1.32695e-07
328.229 1.36506e-07
328.294 1.41994e-07
328.359 1.44559e-07
328.424 1.44204e-07
328.489 1.45413e-07
328.554 1.41144e-07
328.619 1.40511e-07
328.684 1.40161e-07
328.749 1.36385e-07
328.813 1.39578e-07
328.878 1.4849e-07
328.943 1.53849e-07
329.008 1.66173e-07
329.073 1.73838e-07
329.138 1.77972e-07
329.203 1.86492e-07
329.268 1.92738e-07
329.332 1.91635e-07
329.397 1.89458e-07
329.462 1.90906e-07
329.527 1.9433e-07
329.592 1.98217e-07
329.657 1.97522e-07
329.722 1.91107e-07
329.787 1.91755e-07
329.851 1.93757e-07
329.916 1.99593e-07
329.981 2.05831e-07
330.046 2.02646e-07
330.111 1.97514e-07
330.176 1.92201e-07
330.241 1.89705e-07
330.306 1.85458e-07
330.37 1.73246e-07
330.435 1.60826e-07
330.5 1.50724e-07
330.565 1.48432e-07
330.63 1.49251e-07
330.695 1.48132e-07
330.76 1.46307e-07
330.824 1.4917e-07
330.889 1.49004e-07
330.954 1.57548e-07
331.019 1.62547e-07
331.084 1.60305e-07
331.149 1.55484e-07
331.214 1.54066e-07
331.278 1.49433e-07
331.343 1.43764e-07
331.408 1.42479e-07
331.473 1.36943e-07
331.538 1.38798e-07
331.603 1.41971e-07
331.667 1.40924e-07
331.732 1.43465e-07
331.797 1.48345e-07
331.862 1.51266e-07
331.927 1.47324e-07
304.043 2.02364e-09
304.235 1.81726e-09
304.426 1.99599e-09
304.618 2.21668e-09
304.809 2.47615e-09
305 2.45991e-09
305.192 2.97146e-09
305.383 3.04552e-09
305.574 2.82588e-09
305.766 2.68178e-09
305.957 2.89044e-09
306.148 2.95977e-09
306.34 3.15662e-09
306.531 3.18298e-09
306.722 3.51773e-09
306.914 4.07582e-09
307.105 4.72416e-09
307.296 5.50718e-09
307.487 5.82777e-09
307.679 6.38529e-09
307.87 6.64147e-09
308.061 7.16169e-09
308.252 7.46569e-09
308.443 8.33545e-09
308.634 9.45081e-09
308.826 9.81381e-09
309.017 9.52796e-09
309.208 9.75508e-09
309.399 1.10224e-08
309.59 1.24603e-08
309.781 1.32764e-08
309.972 1.3063e-08
310.163 1.42003e-08
310.355 1.74332e-08
310.546 2.17252e-08
310.737 2.50342e-08
310.928 2.6495e-08
311.119 2.73101e-08
311.31 2.71498e-08
311.501 2.69362e-08
311.692 2.63515e-08
311.883 2.62208e-08
312.074 2.74228e-08
312.265 2.99328e-08
312.456 3.24346e-08
312.647 3.41313e-08
312.838 3.55114e-08
313.029 3.60554e-08
313.22 3.5128e-08
313.411 3.44299e-08
313.602 3.6443e-08
313.792 4.05441e-08
313.983 4.40151e-08
314.174 4.33036e-08
314.365 3.92837e-08
314.556 3.99372e-08
314.747 4.43879e-08
314.938 5.05547e-08
315.129 5.1779e-08
315.32 5.04576e-08
315.511 4.5142e-08
315.702 3.93755e-08
315.892 3.63295e-08
316.083 3.91351e-08
316.274 4.63931e-08
316.465 5.33688e-08
316.656 5.87964e-08
316.847 6.25842e-08
317.038 6.8036e-08
317.228 7.16364e-08
317.419 7.26672e-08
317.61 6.88382e-08
317.801 6.1767e-08
317.992 5.53138e-08
318.183 5.40321e-08
318.374 6.00334e-08
318.564 6.92417e-08
318.755 7.90312e-08
318.946 8.31854e-08
319.137 7.62717e-08
319.328 6.80542e-08
319.518 6.63551e-08
319.709 7.18425e-08
319.9 7.75577e-08
320.091 8.09634e-08
320.282 8.7437e-08
320.473 9.57273e-08
320.663 1.00334e-07
320.854 9.63678e-08
321.045 8.72577e-08
321.236 7.96433e-08
321.427 7.92894e-08
321.617 8.54413e-08
321.808 9.12716e-08
321.999 9.07884e-08
322.19 8.68359e-08
322.381 8.22005e-08
322.571 7.59644e-08
322.762 7.13339e-08
322.953 7.2682e-08
323.144 8.19837e-08
323.335 8.84263e-08
323.525 9.21031e-08
323.716 9.61088e-08
323.907 1.03459e-07
324.098 1.09568e-07
324.289 1.10768e-07
324.479 1.11475e-07
324.67 1.05923e-07
324.861 9.79974e-08
325.052 9.60381e-08
325.243 1.02847e-07
325.433 1.13915e-07
325.624 1.27195e-07
325.815 1.38617e-07
326.006 1.47019e-07
326.197 1.48276e-07
326.387 1.46016e-07
326.578 1.48229e-07
326.769 1.52739e-07
326.96 1.50496e-07
327.151 1.43582e-07
327.342 1.41747e-07
327.532 1.41569e-07
327.723 1.35564e-07
327.914 1.28577e-07
328.105 1.26781e-07
328.296 1.29786e-07
328.487 1.30898e-07
328.677 1.29881e-07
328.868 1.40015e-07
329.059 1.56193e-07
329.25 1.69618e-07
329.441 1.75422e-07
329.632 1.76269e-07
329.822 1.78856e-07
330.013 1.79924e-07
330.204 1.6989e-07
330.395 1.53442e-07
330.586 1.39214e-07
330.777 1.39296e-07
330.968 1.4397e-07
331.159 1.45831e-07
331.35 1.42105e-07
331.54 1.43905e-07
331.731 1.52526e-07
331.922 1.59229e-07
332.113 1.54479e-07
332.304 1.48007e-07
332.495 1.52293e-07
332.686 1.55868e-07
332.877 1.53716e-07
333.068 1.51483e-07
333.259 1.52948e-07
333.45 1.45016e-07
333.641 1.33064e-07
333.831 1.33617e-07
334.022 1.40481e-07
334.213 1.4903e-07
334.404 1.58123e-07
334.595 1.63463e-07
334.786 1.55365e-07
334.977 1.48826e-07
335.168 1.56581e-07
335.359 1.67923e-07
335.55 1.74376e-07
335.741 1.60394e-07
335.932 1.28959e-07
336.123 1.09963e-07
336.314 1.25012e-07
336.505 1.45092e-07
336.696 1.42561e-07
336.887 1.25749e-07
337.078 1.1414e-07
337.269 1.17027e-07
337.46 1.36227e-07
337.652 1.54553e-07
337.843 1.49526e-07
338.034 1.37345e-07
338.225 1.3805e-07
338.416 1.49664e-07
338.607 1.59635e-07
338.798 1.61937e-07
338.989 1.6001e-07
339.18 1.4737e-07
339.371 1.41543e-07
339.562 1.49563e-07
339.754 1.662e-07
339.945 1.78013e-07
340.136 1.78047e-07
340.327 1.69915e-07
340.518 1.60257e-07
340.709 1.54239e-07
340.9 1.52874e-07
341.092 1.55752e-07
341.283 1.47885e-07
341.474 1.39535e-07
341.665 1.44181e-07
341.856 1.61347e-07
342.048 1.7083e-07
342.239 1.63174e-07
342.43 1.56217e-07
342.621 1.55253e-07
342.813 1.64139e-07
343.004 1.73224e-07
343.195 1.6706e-07
343.386 1.61318e-07
343.578 1.58603e-07
343.769 1.52275e-07
343.96 1.28585e-07
344.151 1.06301e-07
344.343 1.03693e-07
344.534 1.1637e-07
344.725 1.32796e-07
344.917 1.50542e-07
345.108 1.58118e-07
345.299 1.57614e-07
345.491 1.60173e-07
345.682 1.56598e-07
345.874 1.43136e-07
346.065 1.32056e-07
346.256 1.39222e-07
346.448 1.48411e-07
346.639 1.53679e-07
346.83 1.59058e-07
347.022 1.64336e-07
347.213 1.57618e-07
347.405 1.38572e-07
347.596 1.24993e-07
347.788 1.33161e-07
347.979 1.48425e-07
348.171 1.52418e-07
348.362 1.45246e-07
348.554 1.48424e-07
348.745 1.53812e-07
348.937 1.44393e-07
349.128 1.32117e-07
349.32 1.33297e-07
349.511 1.35977e-07
349.703 1.35806e-07
349.894 1.49527e-07
350.086 1.68256e-07
350.277 1.81105e-07
350.469 1.77256e-07
350.66 1.71892e-07
350.852 1.66496e-07
351.044 1.59827e-07
351.235 1.48025e-07
351.427 1.40684e-07
351.619 1.53229e-07
351.81 1.69383e-07
352.002 1.67177e-07
352.193 1.50839e-07
352.385 1.30803e-07
352.577 1.22017e-07
352.769 1.34885e-07
352.96 1.55576e-07
353.152 1.61257e-07
353.344 1.62863e-07
353.535 1.67394e-07
353.727 1.72148e-07
353.919 1.75421e-07
354.111 1.73125e-07
354.302 1.73879e-07
354.494 1.76725e-07
354.686 1.78445e-07
354.878 1.78405e-07
355.07 1.78082e-07
355.261 1.68378e-07
355.453 1.59202e-07
355.645 1.58595e-07
355.837 1.59427e-07
356.029 1.60422e-07
356.221 1.67987e-07
356.412 1.56533e-07
356.604 1.35339e-07
356.796 1.22139e-07
356.988 1.15921e-07
357.18 1.19756e-07
357.372 1.31428e-07
357.564 1.44513e-07
357.756 1.42728e-07
357.948 1.23198e-07
358.14 1.02741e-07
358.332 9.77335e-08
358.524 9.5721e-08
358.716 9.88098e-08
358.908 1.14328e-07
359.1 1.40994e-07
359.292 1.54946e-07
359.484 1.63823e-07
359.676 1.72024e-07
359.868 1.80853e-07
360.06 1.80345e-07
360.252 1.65507e-07
360.444 1.47928e-07
360.636 1.39275e-07
360.828 1.29255e-07
361.02 1.27241e-07
361.213 1.35335e-07
361.405 1.48535e-07
361.597 1.52046e-07
361.789 1.33159e-07
361.981 1.1985e-07
362.173 1.32783e-07
362.366 1.53961e-07
362.558 1.7326e-07
362.75 1.85998e-07
362.942 1.73635e-07
363.134 1.42973e-07
363.327 1.30154e-07
363.519 1.39185e-07
363.711 1.54658e-07
363.903 1.69171e-07
364.096 1.76426e-07
364.288 1.68633e-07
364.48 1.5441e-07
364.673 1.41194e-07
364.865 1.37659e-07
365.057 1.48014e-07
365.25 1.68654e-07
365.442 1.81531e-07
365.635 1.88385e-07
365.827 1.94716e-07
366.019 1.99007e-07
366.212 1.93722e-07
366.404 1.87008e-07
366.597 1.84616e-07
366.789 1.79473e-07
366.981 1.76685e-07
367.174 1.83489e-07
367.366 1.90785e-07
367.559 1.88499e-07
367.751 1.75496e-07
367.944 1.62224e-07
368.136 1.6149e-07
368.329 1.69733e-07
368.522 1.67469e-07
368.714 1.55838e-07
368.907 1.59813e-07
369.099 1.81876e-07
369.292 1.90678e-07
369.484 1.85627e-07
369.677 1.84244e-07
369.87 1.95359e-07
370.062 2.02251e-07
370.255 1.92659e-07
370.448 1.64911e-07
370.64 1.4522e-07
370.833 1.41801e-07
371.026 1.58116e-07
371.218 1.85481e-07
371.411 2.06038e-07
371.604 2.07253e-07
371.797 1.82308e-07
371.989 1.41457e-07
372.182 1.22149e-07
372.375 1.43679e-07
372.568 1.68355e-07
372.76 1.73008e-07
372.953 1.70624e-07
373.146 1.60394e-07
373.339 1.30552e-07
373.532 1.01838e-07
373.725 1.04221e-07
373.918 1.37072e-07
374.11 1.64034e-07
374.303 1.58795e-07
374.496 1.34181e-07
374.689 1.14799e-07
374.882 1.04179e-07
375.075 1.2001e-07
375.268 1.54802e-07
375.461 1.88038e-07
375.654 1.82472e-07
375.847 1.55411e-07
376.04 1.47397e-07
376.233 1.5402e-07
376.426 1.59189e-07
376.619 1.54839e-07
376.812 1.56447e-07
377.005 1.59768e-07
377.198 1.73061e-07
377.391 1.86168e-07
377.584 1.9349e-07
377.777 1.9552e-07
377.971 2.02958e-07
378.164 2.10298e-07
378.357 2.14999e-07
378.55 2.00601e-07
378.743 1.77303e-07
378.936 1.62077e-07
379.13 1.64053e-07
379.323 1.61777e-07
379.516 1.53531e-07
379.709 1.39702e-07
379.903 1.37623e-07
380.096 1.53564e-07
380.289 1.78459e-07
380.482 1.88129e-07
380.676 1.80926e-07
380.869 1.81382e-07
381.062 1.89175e-07
381.256 1.79602e-07
381.449 1.51792e-07
381.642 1.39512e-07
381.836 1.37385e-07
382.029 1.29158e-07
382.222 1.26237e-07
382.416 1.19968e-07
382.609 1.06019e-07
382.803 9.82087e-08
382.996 1.03504e-07
383.19 1.00316e-07
383.383 9.46969e-08
383.577 9.76775e-08
383.77 9.7777e-08
383.964 9.47668e-08
384.157 1.10816e-07
384.351 1.3816e-07
384.544 1.54489e-07
384.738 1.59781e-07
384.931 1.53678e-07
385.125 1.51973e-07
385.318 1.52417e-07
385.512 1.46467e-07
385.706 1.34644e-07
385.899 1.16691e-07
386.093 1.18823e-07
386.287 1.43424e-07
386.48 1.60692e-07
386.674 1.59201e-07
386.868 1.48047e-07
387.061 1.30473e-07
387.255 1.23856e-07
387.449 1.43288e-07
387.642 1.55041e-07
387.836 1.45666e-07
388.03 1.34659e-07
388.224 1.34088e-07
388.418 1.38623e-07
388.611 1.35108e-07
388.805 1.27707e-07
388.999 1.36932e-07
389.193 1.59318e-07
389.387 1.70435e-07
389.581 1.75036e-07
389.775 1.77607e-07
389.968 1.78592e-07
390.162 1.7567e-07
390.356 1.67029e-07
390.55 1.57585e-07
390.744 1.66875e-07
390.938 1.84e-07
391.132 1.97245e-07
391.326 1.99594e-07
391.52 1.96737e-07
391.714 1.901e-07
391.908 1.76747e-07
392.102 1.60514e-07
392.296 1.56313e-07
392.49 1.55693e-07
392.684 1.39542e-07
392.878 1.10622e-07
393.073 8.19123e-08
393.267 5.9463e-08
393.461 5.176e-08
393.655 6.49399e-08
393.849 9.29711e-08
394.043 1.19906e-07
394.237 1.31633e-07
394.432 1.39079e-07
394.626 1.5426e-07
394.82 1.69715e-07
395.014 1.82322e-07
395.209 1.84745e-07
395.403 1.87078e-07
395.597 1.84656e-07
395.791 1.84921e-07
395.986 1.75238e-07
396.18 1.49667e-07
396.374 1.2305e-07
396.569 9.92946e-08
396.763 7.28633e-08
396.957 6.14848e-08
397.152 7.80513e-08
397.346 1.08524e-07
397.541 1.38923e-07
397.735 1.66659e-07
397.929 1.92522e-07
398.124 2.05399e-07
398.318 2.0574e-07
398.513 2.0412e-07
398.707 2.09779e-07
398.902 2.19108e-07
399.096 2.26642e-07
399.291 2.3064e-07
399.485 2.28949e-07
399.68 2.20608e-07
399.874 2.23479e-07
400.069 2.32797e-07
400.264 2.40551e-07
400.458 2.26389e-07
400.653 2.1548e-07
400.847 2.2316e-07
401.042 2.37482e-07
401.237 2.42581e-07
401.431 2.44984e-07
401.626 2.4122e-07
401.821 2.40908e-07
402.016 2.43659e-07
402.21 2.45907e-07
402.405 2.43334e-07
402.6 2.45348e-07
402.795 2.49961e-07
402.989 2.38334e-07
403.184 2.17122e-07
403.379 2.09394e-07
403.574 2.23969e-07
403.769 2.45945e-07
403.963 2.51498e-07
404.158 2.49469e-07
404.353 2.30863e-07
404.548 2.01374e-07
404.743 2.02757e-07
404.938 2.30763e-07
405.133 2.45484e-07
405.328 2.3769e-07
405.523 2.28488e-07
405.718 2.19161e-07
405.913 2.21179e-07
406.108 2.25218e-07
406.303 2.10984e-07
406.498 2.02721e-07
406.693 2.12317e-07
406.888 2.30016e-07
407.083 2.24092e-07
407.278 2.21787e-07
407.473 2.24162e-07
407.668 2.16142e-07
407.863 2.11056e-07
408.058 2.2853e-07
408.254 2.40198e-07
408.449 2.34933e-07
408.644 2.37952e-07
408.839 2.5199e-07
409.034 2.56337e-07
409.229 2.5099e-07
409.425 2.42637e-07
409.62 2.31461e-07
409.815 2.20058e-07
410.01 1.99281e-07
410.206 1.82801e-07
410.401 1.91616e-07
410.596 2.16999e-07
410.792 2.32139e-07
410.987 2.34801e-07
411.182 2.37983e-07
411.378 2.46741e-07
411.573 2.55751e-07
411.769 2.52378e-07
411.964 2.45368e-07
412.159 2.43432e-07
412.355 2.46529e-07
412.55 2.46367e-07
412.746 2.4206e-07
412.941 2.39056e-07
413.137 2.29928e-07
413.332 2.213e-07
413.528 2.29667e-07
413.723 2.47096e-07
413.919 2.58876e-07
414.114 2.52753e-07
414.31 2.31408e-07
414.506 2.25567e-07
414.701 2.38004e-07
414.897 2.44845e-07
415.092 2.42134e-07
415.288 2.36835e-07
415.484 2.30147e-07
415.679 2.27923e-07
415.875 2.35934e-07
416.071 2.45849e-07
416.266 2.55273e-07
416.462 2.57365e-07
416.658 2.48544e-07
416.854 2.43886e-07
417.049 2.38272e-07
417.245 2.25493e-07
417.441 2.19236e-07
417.637 2.23347e-07
417.833 2.30195e-07
418.029 2.33548e-07
418.224 2.30414e-07
418.42 2.31051e-07
418.616 2.26106e-07
418.812 2.23499e-07
419.008 2.28289e-07
419.204 2.40887e-07
419.4 2.45678e-07
419.596 2.34907e-07
419.792 2.19197e-07
419.988 2.12211e-07
420.184 2.14712e-07
420.38 2.24856e-07
420.576 2.38076e-07
420.772 2.4845e-07
420.968 2.4926e-07
421.164 2.51132e-07
421.36 2.49642e-07
421.556 2.38842e-07
421.752 2.34314e-07
421.948 2.43879e-07
422.144 2.50868e-07
422.341 2.38564e-07
422.537 2.02645e-07
422.733 1.85809e-07
422.929 2.09448e-07
423.125 2.38328e-07
423.322 2.41562e-07
423.518 2.28607e-07
423.714 2.19846e-07
423.91 2.22372e-07
424.107 2.31071e-07
424.303 2.38477e-07
424.499 2.44076e-07
424.695 2.36651e-07
424.892 2.20106e-07
425.088 2.16943e-07
425.285 2.25057e-07
425.481 2.2835e-07
425.677 2.32813e-07
425.874 2.25491e-07
426.07 2.12828e-07
426.267 2.20688e-07
426.463 2.40366e-07
426.659 2.46627e-07
426.856 2.34555e-07
427.052 2.09298e-07
427.249 1.92034e-07
427.445 1.94216e-07
427.642 2.15993e-07
427.839 2.31192e-07
428.035 2.29908e-07
428.232 2.26379e-07
428.428 2.24168e-07
428.625 2.19106e-07
428.822 2.08245e-07
429.018 1.99567e-07
429.215 2.05745e-07
429.411 2.13729e-07
429.608 2.0904e-07
429.805 1.87042e-07
430.002 1.64453e-07
430.198 1.5579e-07
430.395 1.59613e-07
430.592 1.60966e-07
430.788 1.51633e-07
430.985 1.46125e-07
431.182 1.58578e-07
431.379 1.87472e-07
431.576 2.27784e-07
431.772 2.58413e-07
431.969 2.65706e-07
432.166 2.51814e-07
432.363 2.17613e-07
432.56 1.90503e-07
432.757 2.05901e-07
432.954 2.36368e-07
433.151 2.52118e-07
433.348 2.54864e-07
433.545 2.49664e-07
433.742 2.2594e-07
433.939 1.91073e-07
434.136 1.79239e-07
434.333 1.98363e-07
434.53 2.23754e-07
434.727 2.41804e-07
434.924 2.48446e-07
435.121 2.35028e-07
435.318 2.24783e-07
435.515 2.3066e-07
435.712 2.41994e-07
435.909 2.45504e-07
436.106 2.50311e-07
436.304 2.5807e-07
436.501 2.62698e-07
436.698 2.58459e-07
436.895 2.50749e-07
437.092 2.46103e-07
437.29 2.4e-07
437.487 2.3059e-07
437.684 2.33486e-07
437.881 2.43236e-07
438.079 2.42607e-07
438.276 2.11538e-07
438.473 1.90567e-07
438.671 2.04638e-07
438.868 2.24211e-07
439.065 2.31418e-07
439.263 2.34788e-07
439.46 2.37299e-07
439.658 2.45553e-07
439.855 2.50138e-07
440.052 2.45395e-07
440.25 2.36045e-07
440.447 2.23857e-07
440.645 2.22993e-07
440.842 2.32979e-07
441.04 2.52445e-07
441.237 2.64483e-07
441.435 2.56687e-07
441.632 2.44761e-07
441.83 2.53935e-07
442.027 2.67577e-07
442.225 2.66096e-07
442.423 2.5936e-07
442.62 2.58992e-07
442.818 2.63771e-07
443.016 2.63583e-07
443.213 2.59754e-07
443.411 2.50327e-07
443.609 2.47866e-07
443.806 2.6142e-07
444.004 2.68844e-07
444.202 2.59403e-07
444.4 2.55781e-07
444.597 2.64228e-07
444.795 2.70828e-07
444.993 2.71276e-07
445.191 2.68126e-07
445.388 2.54665e-07
445.586 2.3983e-07
445.784 2.35941e-07
445.982 2.37519e-07
446.18 2.41735e-07
446.378 2.51033e-07
446.576 2.60104e-07
446.774 2.60903e-07
446.972 2.58267e-07
447.169 2.64232e-07
447.367 2.74733e-07
447.565 2.81956e-07
447.763 2.8364e-07
447.961 2.72402e-07
448.159 2.57939e-07
448.357 2.60136e-07
448.556 2.76299e-07
448.754 2.79721e-07
448.952 2.6942e-07
449.15 2.68205e-07
449.348 2.68808e-07
449.546 2.68619e-07
449.744 2.72605e-07
449.942 2.78629e-07
450.14 2.80468e-07
450.339 2.86532e-07
450.537 2.93761e-07
450.735 2.96036e-07
450.933 2.93603e-07
451.131 2.91996e-07
451.33 2.85987e-07
451.528 2.80275e-07
451.726 2.78659e-07
451.924 2.81367e-07
452.123 2.84453e-07
452.321 2.80887e-07
452.519 2.70724e-07
452.718 2.56088e-07
452.916 2.47313e-07
453.115 2.50072e-07
453.313 2.53795e-07
453.511 2.5428e-07
453.71 2.65877e-07
453.908 2.78083e-07
454.107 2.80735e-07
454.305 2.78343e-07
454.504 2.75634e-07
454.702 2.70445e-07
454.901 2.62979e-07
455.099 2.62107e-07
455.298 2.64846e-07
455.496 2.66497e-07
455.695 2.70444e-07
455.893 2.80387e-07
456.092 2.8851e-07
456.29 2.85564e-07
456.489 2.75599e-07
456.688 2.74647e-07
456.886 2.81597e-07
457.085 2.8124e-07
457.284 2.80482e-07
457.482 2.84468e-07
457.681 2.87961e-07
457.88 2.81273e-07
458.079 2.70259e-07
458.277 2.63276e-07
458.476 2.63208e-07
458.675 2.67716e-07
458.874 2.76505e-07
459.072 2.78143e-07
459.271 2.73564e-07
459.47 2.70056e-07
459.669 2.68972e-07
459.868 2.69032e-07
460.067 2.68791e-07
460.266 2.70762e-07
460.464 2.72356e-07
460.663 2.7637e-07
460.862 2.83732e-07
461.061 2.85193e-07
461.26 2.81533e-07
461.459 2.79177e-07
461.658 2.80391e-07
461.857 2.79616e-07
462.056 2.80463e-07
462.255 2.8324e-07
462.454 2.83587e-07
462.653 2.83095e-07
462.852 2.82952e-07
463.051 2.83371e-07
463.251 2.82011e-07
463.45 2.81195e-07
463.649 2.77424e-07
463.848 2.72262e-07
464.047 2.73302e-07
464.246 2.76928e-07
464.445 2.75099e-07
464.645 2.64914e-07
464.844 2.59967e-07
465.043 2.65748e-07
465.242 2.73349e-07
465.442 2.72918e-07
465.641 2.70593e-07
465.84 2.76829e-07
466.04 2.84962e-07
466.239 2.81946e-07
466.438 2.71894e-07
466.638 2.56483e-07
466.837 2.46671e-07
467.036 2.5496e-07
467.236 2.67387e-07
467.435 2.729e-07
467.634 2.7663e-07
467.834 2.7283e-07
468.033 2.65416e-07
468.233 2.65378e-07
468.432 2.71185e-07
468.632 2.74931e-07
468.831 2.74809e-07
469.031 2.71922e-07
469.23 2.70227e-07
469.43 2.73876e-07
469.629 2.76131e-07
469.829 2.70865e-07
470.029 2.62885e-07
470.228 2.54431e-07
470.428 2.54316e-07
470.627 2.58098e-07
470.827 2.59122e-07
471.027 2.61482e-07
471.226 2.67518e-07
471.426 2.6824e-07
471.626 2.70912e-07
471.826 2.79325e-07
472.025 2.85511e-07
472.225 2.85147e-07
472.425 2.85895e-07
472.625 2.8203e-07
472.824 2.71101e-07
473.024 2.62541e-07
473.224 2.65195e-07
473.424 2.70086e-07
473.624 2.70483e-07
473.824 2.70608e-07
474.023 2.74589e-07
474.223 2.78214e-07
474.423 2.79823e-07
474.623 2.81168e-07
474.823 2.82739e-07
475.023 2.81699e-07
475.223 2.77397e-07
475.423 2.71357e-07
475.623 2.68244e-07
475.823 2.72105e-07
476.023 2.7583e-07
476.223 2.70109e-07
476.423 2.62659e-07
476.623 2.58526e-07
476.823 2.6399e-07
477.023 2.71474e-07
477.223 2.74897e-07
477.424 2.78524e-07
477.624 2.82893e-07
477.824 2.8626e-07
478.024 2.85631e-07
478.224 2.81943e-07
478.424 2.77086e-07
478.625 2.72567e-07
478.825 2.70476e-07
479.025 2.70436e-07
479.225 2.76076e-07
479.426 2.84176e-07
479.626 2.89075e-07
479.826 2.85015e-07
480.027 2.77933e-07
480.227 2.78666e-07
480.427 2.81143e-07
480.628 2.78263e-07
480.828 2.75911e-07
481.028 2.76195e-07
481.229 2.79671e-07
481.429 2.8328e-07
481.63 2.87091e-07
481.83 2.89471e-07
482.031 2.8978e-07
482.231 2.83354e-07
482.432 2.76499e-07
482.632 2.78038e-07
482.833 2.80524e-07
483.033 2.78614e-07
483.234 2.7659e-07
483.434 2.78668e-07
483.635 2.80476e-07
483.835 2.77172e-07
484.036 2.70387e-07
484.237 2.6896e-07
484.437 2.72429e-07
484.638 2.77248e-07
484.839 2.75916e-07
485.039 2.74414e-07
485.24 2.72379e-07
485.441 2.63856e-07
485.642 2.51314e-07
485.842 2.37738e-07
486.043 2.08691e-07
486.244 1.93218e-07
486.445 2.11043e-07
486.646 2.40435e-07
486.846 2.55323e-07
487.047 2.49842e-07
487.248 2.42457e-07
487.449 2.48514e-07
487.65 2.60209e-07
487.851 2.67141e-07
488.052 2.72999e-07
488.253 2.73847e-07
488.454 2.69268e-07
488.655 2.61476e-07
488.856 2.56019e-07
489.057 2.47707e-07
489.258 2.51137e-07
489.459 2.71123e-07
489.66 2.87952e-07
489.861 2.88249e-07
490.062 2.84492e-07
490.263 2.78356e-07
490.464 2.77502e-07
490.665 2.80547e-07
490.866 2.77612e-07
491.068 2.66996e-07
491.269 2.6688e-07
491.47 2.77717e-07
491.671 2.78594e-07
491.872 2.57228e-07
492.074 2.39575e-07
492.275 2.45388e-07
492.476 2.59991e-07
492.678 2.7259e-07
492.879 2.80701e-07
493.08 2.85328e-07
493.282 2.78994e-07
493.483 2.71362e-07
493.684 2.66286e-07
493.886 2.6044e-07
494.087 2.66062e-07
494.289 2.80657e-07
494.49 2.86022e-07
494.692 2.84983e-07
494.893 2.86301e-07
495.095 2.88687e-07
495.296 2.87084e-07
495.498 2.81478e-07
495.699 2.61755e-07
495.901 2.59114e-07
496.102 2.75527e-07
496.304 2.90571e-07
496.506 2.86926e-07
496.707 2.79234e-07
496.909 2.74721e-07
497.111 2.77143e-07
497.312 2.8214e-07
497.514 2.86088e-07
497.716 2.84252e-07
660.462 4.63904e-07
660.592 4.63451e-07
660.722 4.69639e-07
660.852 4.73793e-07
660.982 4.73424e-07
661.112 4.79277e-07
661.242 4.88962e-07
661.372 5.00726e-07
661.502 5.04638e-07
661.632 5.13e-07
661.761 5.17131e-07
661.891 5.24309e-07
662.021 5.29409e-07
662.151 5.33369e-07
662.281 5.40595e-07
662.411 5.41853e-07
662.541 5.42801e-07
662.67 5.41883e-07
662.8 5.39647e-07
662.93 5.41952e-07
663.06 5.43662e-07
663.189 5.45247e-07
663.319 5.3768e-07
663.449 5.25306e-07
663.579 5.19829e-07
663.708 5.28659e-07
663.838 5.42121e-07
663.968 5.46772e-07
664.097 5.44041e-07
664.227 5.44911e-07
664.357 5.42684e-07
664.486 5.35617e-07
664.616 5.36992e-07
664.745 5.45486e-07
664.875 5.50426e-07
665.005 5.52995e-07
665.134 5.54853e-07
665.264 5.55735e-07
665.393 5.53545e-07
665.523 5.52874e-07
665.652 5.53663e-07
665.782 5.53632e-07
665.911 5.56174e-07
666.041 5.54377e-07
666.17 5.53137e-07
666.3 5.48028e-07
666.429 5.36205e-07
666.559 5.38992e-07
666.688 5.4526e-07
666.817 5.51965e-07
666.947 5.52148e-07
667.076 5.55157e-07
667.206 5.56984e-07
667.335 5.57087e-07
667.464 5.57407e-07
667.594 5.58025e-07
667.723 5.57416e-07
667.852 5.43421e-07
667.982 5.37035e-07
668.111 5.43149e-07
668.24 5.58824e-07
668.369 5.60741e-07
668.499 5.62735e-07
668.628 5.62981e-07
668.757 5.62768e-07
668.886 5.62851e-07
669.016 5.62843e-07
669.145 5.62776e-07
669.274 5.62569e-07
669.403 5.62098e-07
669.532 5.62467e-07
669.661 5.57398e-07
669.79 5.52535e-07
669.92 5.5139e-07
670.049 5.5806e-07
670.178 5.61437e-07
670.307 5.63795e-07
670.436 5.59737e-07
670.565 5.5314e-07
670.694 5.53839e-07
670.823 5.5846e-07
670.952 5.62856e-07
671.081 5.60747e-07
671.21 5.61959e-07
671.339 5.58425e-07
671.468 5.55191e-07
671.597 5.52859e-07
671.726 5.52228e-07
671.855 5.41525e-07
671.984 5.4363e-07
672.113 5.51592e-07
672.242 5.58277e-07
672.371 5.5915e-07
672.5 5.61841e-07
672.629 5.6338e-07
672.758 5.59443e-07
672.886 5.59592e-07
673.015 5.61801e-07
673.144 5.66634e-07
673.273 5.66568e-07
673.402 5.63405e-07
673.531 5.62494e-07
673.659 5.66547e-07
673.788 5.668e-07
673.917 5.63739e-07
674.046 5.63028e-07
674.174 5.6398e-07
674.303 5.65083e-07
674.432 5.61354e-07
674.561 5.63302e-07
674.689 5.64591e-07
674.818 5.65564e-07
674.947 5.64153e-07
675.076 5.56277e-07
675.204 5.56294e-07
675.333 5.58112e-07
675.461 5.64677e-07
675.59 5.65715e-07
675.719 5.67578e-07
675.847 5.68265e-07
675.976 5.66864e-07
676.105 5.69913e-07
676.233 5.7088e-07
676.362 5.71621e-07
676.49 5.7151e-07
676.619 5.71064e-07
676.747 5.68505e-07
676.876 5.58919e-07
677.005 5.59681e-07
677.133 5.64546e-07
677.262 5.64915e-07
677.39 5.63668e-07
677.519 5.66561e-07
677.647 5.74066e-07
677.776 5.74585e-07
677.904 5.74787e-07
678.032 5.75077e-07
678.161 5.75652e-07
678.289 5.71533e-07
678.418 5.67304e-07
678.546 5.6486e-07
678.675 5.64187e-07
678.803 5.66686e-07
678.931 5.69607e-07
679.06 5.73783e-07
679.188 5.76392e-07
679.316 5.75238e-07
679.445 5.72765e-07
679.573 5.7107e-07
679.701 5.68859e-07
679.83 5.70824e-07
679.958 5.71508e-07
680.086 5.7187e-07
680.215 5.72728e-07
680.343 5.74354e-07
680.471 5.71837e-07
680.599 5.7126e-07
680.728 5.68269e-07
680.856 5.7049e-07
680.984 5.7194e-07
681.112 5.70653e-07
681.241 5.69599e-07
681.369 5.72982e-07
681.497 5.75567e-07
681.625 5.73996e-07
681.753 5.75592e-07
681.881 5.78942e-07
682.01 5.77355e-07
682.138 5.71105e-07
682.266 5.70423e-07
682.394 5.75576e-07
682.522 5.78676e-07
682.65 5.78633e-07
682.778 5.78889e-07
682.906 5.69973e-07
683.034 5.68314e-07
683.162 5.7195e-07
683.29 5.79322e-07
683.419 5.79651e-07
683.547 5.78564e-07
683.675 5.78088e-07
683.803 5.7659e-07
683.931 5.69501e-07
684.059 5.63254e-07
684.187 5.53531e-07
684.315 5.48347e-07
684.443 5.45573e-07
684.57 5.58784e-07
684.698 5.71649e-07
684.826 5.78705e-07
684.954 5.78468e-07
685.082 5.77448e-07
685.21 5.79325e-07
685.338 5.8122e-07
685.466 5.78802e-07
685.594 5.65695e-07
685.722 5.61124e-07
685.849 5.60372e-07
685.977 5.6765e-07
686.105 5.69681e-07
686.233 5.7103e-07
686.361 5.68034e-07
686.489 5.73062e-07
686.616 5.76145e-07
686.744 5.37509e-07
686.872 4.04286e-07
687 2.76665e-07
687.128 2.39498e-07
687.255 2.75838e-07
687.383 2.92538e-07
687.511 3.12247e-07
687.638 3.39142e-07
687.766 3.60441e-07
687.894 3.98838e-07
688.022 4.21505e-07
688.149 4.72347e-07
688.277 5.13215e-07
688.405 5.28504e-07
688.532 5.10681e-07
688.66 4.65624e-07
688.788 4.50729e-07
688.915 4.4076e-07
689.043 4.32697e-07
689.17 4.43144e-07
689.298 4.41307e-07
689.426 4.41022e-07
689.553 4.486e-07
689.681 4.55079e-07
689.808 4.44479e-07
689.936 4.63306e-07
690.063 4.80853e-07
690.191 4.60341e-07
690.318 4.72595e-07
690.446 5.02963e-07
690.573 4.73164e-07
690.701 4.69698e-07
690.828 5.12601e-07
690.956 5.07323e-07
691.083 4.90015e-07
691.211 5.11376e-07
691.338 5.41394e-07
691.466 5.03466e-07
691.593 4.93479e-07
691.721 5.19284e-07
691.848 5.37813e-07
691.975 5.12705e-07
692.103 5.19568e-07
692.23 5.50793e-07
692.358 5.53923e-07
692.485 5.19646e-07
692.612 5.13515e-07
692.74 5.3408e-07
692.867 5.55538e-07
692.994 5.27379e-07
693.122 5.15553e-07
693.249 5.18994e-07
693.376 5.40102e-07
693.504 5.3162e-07
693.631 5.29498e-07
693.758 5.46214e-07
693.885 5.48194e-07
694.013 5.33823e-07
694.14 5.12034e-07
694.267 5.009e-07
694.394 5.14547e-07
694.522 5.2858e-07
694.649 5.45976e-07
694.776 5.42608e-07
694.903 5.32529e-07
695.03 5.25266e-07
695.158 5.39481e-07
695.285 5.53138e-07
695.412 5.48319e-07
695.539 5.55541e-07
695.666 5.40418e-07
695.793 5.39309e-07
695.92 5.38695e-07
696.048 5.51464e-07
696.175 5.41574e-07
696.302 5.45243e-07
696.429 5.60927e-07
696.556 5.72811e-07
696.683 5.71017e-07
696.81 5.76326e-07
696.937 5.88222e-07
697.064 5.89102e-07
697.191 5.79448e-07
697.318 5.75451e-07
697.445 5.79293e-07
697.572 5.83738e-07
697.699 5.75228e-07
697.826 5.57922e-07
697.953 5.41186e-07
698.08 5.46732e-07
698.207 5.57848e-07
698.334 5.74825e-07
698.461 5.79134e-07
698.588 5.82887e-07
698.715 5.64146e-07
698.842 5.54705e-07
698.969 5.37653e-07
699.095 5.42162e-07
699.222 5.50652e-07
699.349 5.62146e-07
699.476 5.50061e-07
699.603 5.50604e-07
699.73 5.69738e-07
699.857 5.79286e-07
699.983 5.51019e-07
700.11 5.40164e-07
700.237 5.5302e-07
700.364 5.71937e-07
700.49 5.54722e-07
700.617 5.24278e-07
700.744 5.1899e-07
700.871 5.42501e-07
700.998 5.67399e-07
701.124 5.63835e-07
701.251 5.54648e-07
701.378 5.55078e-07
701.504 5.68018e-07
701.631 5.55958e-07
701.758 5.20359e-07
701.885 5.17732e-07
702.011 5.49479e-07
702.138 5.72664e-07
702.264 5.73108e-07
702.391 5.52348e-07
702.518 5.36919e-07
702.644 5.41822e-07
702.771 5.40875e-07
702.898 5.37676e-07
703.024 5.42154e-07
703.151 5.72929e-07
703.277 5.8295e-07
703.404 5.89316e-07
703.531 5.81267e-07
703.657 5.80752e-07
703.784 5.68422e-07
703.91 5.55925e-07
704.037 5.37371e-07
704.163 5.5274e-07
704.29 5.70827e-07
704.416 5.89875e-07
704.543 5.87509e-07
704.669 5.89003e-07
704.796 5.84663e-07
704.922 5.87973e-07
705.048 5.87811e-07
705.175 5.78815e-07
705.301 5.64205e-07
705.428 5.57753e-07
705.554 5.66374e-07
705.681 5.78257e-07
705.807 5.75946e-07
705.933 5.75025e-07
706.06 5.75715e-07
706.186 5.74168e-07
706.312 5.74738e-07
706.439 5.78334e-07
706.565 5.79733e-07
706.691 5.78206e-07
706.818 5.75932e-07
706.944 5.71841e-07
707.07 5.78122e-07
707.197 5.85414e-07
707.323 5.86688e-07
707.449 5.87065e-07
707.575 5.88916e-07
707.702 5.91988e-07
707.828 5.89269e-07
707.954 5.82917e-07
708.08 5.79558e-07
708.207 5.86455e-07
708.333 5.92225e-07
708.459 5.86361e-07
708.585 5.75018e-07
708.711 5.73451e-07
708.838 5.76813e-07
708.964 5.80285e-07
709.09 5.7613e-07
709.216 5.78897e-07
709.342 5.80333e-07
709.468 5.86235e-07
709.594 5.86171e-07
709.72 5.8648e-07
709.846 5.84619e-07
709.973 5.88101e-07
710.099 5.89409e-07
710.225 5.90344e-07
710.351 5.915e-07
710.477 5.93899e-07
710.603 5.95754e-07
710.729 5.91818e-07
710.855 5.89581e-07
710.981 5.88178e-07
711.107 5.8985e-07
711.233 5.82868e-07
711.359 5.81598e-07
711.485 5.85679e-07
711.611 5.89625e-07
711.737 5.91947e-07
711.863 5.89213e-07
711.989 5.87267e-07
712.115 5.86065e-07
712.24 5.84894e-07
712.366 5.77127e-07
712.492 5.79582e-07
712.618 5.94628e-07
712.744 5.99548e-07
712.87 5.91874e-07
712.996 5.86245e-07
713.122 5.77824e-07
713.247 5.72741e-07
713.373 5.71869e-07
713.499 5.85325e-07
713.625 5.93269e-07
713.751 5.97148e-07
713.876 5.94677e-07
714.002 5.92788e-07
714.128 5.93877e-07
714.254 5.92945e-07
714.379 5.85788e-07
714.505 5.87127e-07
714.631 5.85483e-07
714.757 5.85971e-07
714.882 5.59941e-07
715.008 5.57173e-07
715.134 5.55765e-07
715.259 5.71995e-07
715.385 5.77406e-07
715.511 5.91588e-07
715.636 5.85893e-07
715.762 5.82925e-07
715.888 5.80639e-07
716.013 5.80398e-07
716.139 5.81381e-07
716.264 5.81656e-07
716.39 5.78877e-07
716.516 5.44085e-07
716.641 5.23555e-07
716.767 4.99989e-07
716.892 4.9184e-07
717.018 4.95731e-07
717.143 4.89843e-07
717.269 4.9213e-07
717.394 4.52162e-07
717.52 4.49274e-07
717.646 4.57618e-07
717.771 4.59969e-07
717.896 4.29784e-07
718.022 4.54873e-07
718.147 5.09255e-07
718.273 4.81156e-07
718.398 4.79065e-07
718.524 4.55355e-07
718.649 4.37913e-07
718.775 3.51628e-07
718.9 3.83166e-07
719.025 4.51713e-07
719.151 5.20928e-07
719.276 4.63967e-07
719.401 4.02566e-07
719.527 4.02605e-07
719.652 4.41825e-07
719.777 4.74665e-07
719.903 4.66466e-07
720.028 4.66373e-07
720.153 4.27309e-07
720.279 4.14184e-07
720.404 4.25985e-07
720.529 4.58307e-07
720.655 4.58302e-07
720.78 4.35406e-07
720.905 4.68399e-07
721.03 4.95043e-07
721.156 5.32735e-07
721.281 5.38268e-07
721.406 5.67403e-07
721.531 5.79455e-07
721.656 5.71363e-07
721.781 5.48155e-07
721.907 5.38e-07
722.032 5.52149e-07
722.157 5.68456e-07
722.282 5.79987e-07
722.407 5.51427e-07
722.532 5.3655e-07
722.658 5.40124e-07
722.783 5.55732e-07
722.908 5.37438e-07
723.033 5.40054e-07
723.158 5.68105e-07
723.283 5.4347e-07
723.408 4.8437e-07
723.533 4.16567e-07
723.658 4.1227e-07
723.783 4.4661e-07
723.908 5.22688e-07
724.033 5.43233e-07
724.158 4.72064e-07
724.283 4.64701e-07
724.408 4.64723e-07
724.533 4.85308e-07
724.658 4.56176e-07
724.783 4.89337e-07
724.908 5.13352e-07
725.033 5.27134e-07
725.158 5.27718e-07
725.283 4.86384e-07
725.407 4.19103e-07
725.532 4.17071e-07
725.657 4.91241e-07
725.782 5.40771e-07
725.907 5.15994e-07
726.032 5.10964e-07
726.157 5.18973e-07
726.281 5.04999e-07
726.406 4.93898e-07
726.531 4.76019e-07
726.656 4.46488e-07
726.781 4.71525e-07
726.906 5.35706e-07
727.03 5.60017e-07
727.155 5.42701e-07
727.28 5.33417e-07
727.405 5.09231e-07
727.529 5.00725e-07
727.654 4.73521e-07
727.779 4.28197e-07
727.903 3.99441e-07
728.028 4.45981e-07
728.153 5.20628e-07
728.277 5.3815e-07
728.402 5.31211e-07
728.527 5.40359e-07
728.651 5.68059e-07
728.776 5.54762e-07
728.901 5.07137e-07
729.025 4.67242e-07
729.15 4.37131e-07
729.274 4.35803e-07
729.399 4.3999e-07
729.524 4.74791e-07
729.648 4.97666e-07
729.773 5.32658e-07
729.897 5.6519e-07
730.022 5.61028e-07
730.146 5.36516e-07
730.271 5.16187e-07
730.395 4.89681e-07
730.52 4.54376e-07
730.644 4.76461e-07
730.769 5.36535e-07
730.893 5.56437e-07
731.018 5.17409e-07
731.142 4.79918e-07
731.267 4.8264e-07
731.391 5.071e-07
731.515 5.40343e-07
731.64 5.46118e-07
731.764 5.36653e-07
731.889 4.94266e-07
732.013 4.92281e-07
732.137 5.14397e-07
732.262 5.66975e-07
732.386 5.80637e-07
732.51 5.8166e-07
732.635 5.72446e-07
732.759 5.46882e-07
732.883 5.43444e-07
733.008 5.56198e-07
733.132 5.70779e-07
733.256 5.70601e-07
733.38 5.48353e-07
733.505 5.49735e-07
733.629 5.41053e-07
733.753 5.7038e-07
733.878 5.91463e-07
734.002 6.05919e-07
734.126 6.02354e-07
734.25 5.99725e-07
734.374 5.99273e-07
734.498 5.77657e-07
734.623 5.68857e-07
734.747 5.75969e-07
734.871 5.91305e-07
734.995 5.7523e-07
735.119 5.57592e-07
735.243 5.5897e-07
735.367 5.78015e-07
735.492 5.82526e-07
735.616 5.7888e-07
735.74 5.6813e-07
735.864 5.6769e-07
735.988 5.79034e-07
736.112 5.81429e-07
736.236 5.69306e-07
736.36 5.60577e-07
736.484 5.60584e-07
736.608 5.67128e-07
736.732 5.72144e-07
736.856 5.83503e-07
736.98 5.76661e-07
737.104 5.7245e-07
737.228 5.73357e-07
737.352 5.90257e-07
737.476 5.90666e-07
737.6 5.93078e-07
737.724 5.91915e-07
737.848 5.88174e-07
737.971 5.9264e-07
738.095 5.98571e-07
738.219 5.99422e-07
738.343 5.83843e-07
738.467 5.68347e-07
738.591 5.71707e-07
738.715 5.72495e-07
738.839 5.69698e-07
738.962 5.62059e-07
739.086 5.5726e-07
739.21 5.59458e-07
739.334 5.75668e-07
739.458 5.77182e-07
739.581 5.87257e-07
739.705 5.82587e-07
739.829 5.85961e-07
739.953 5.89369e-07
740.076 5.93933e-07
740.2 5.8959e-07
740.324 5.85946e-07
740.447 5.97974e-07
740.571 6.04931e-07
740.695 5.92468e-07
740.818 5.91007e-07
740.942 5.85786e-07
741.066 5.79539e-07
741.189 5.58753e-07
741.313 5.73878e-07
741.437 5.90303e-07
741.56 5.93309e-07
741.684 5.73942e-07
741.807 5.75531e-07
741.931 5.87716e-07
742.055 5.99764e-07
742.178 5.99503e-07
742.302 5.89127e-07
742.425 5.71055e-07
742.549 5.6874e-07
742.672 5.85061e-07
742.796 6.04692e-07
742.919 6.11565e-07
743.043 6.12082e-07
743.166 6.06772e-07
743.29 6.02809e-07
743.413 6.04718e-07
743.537 6.11369e-07
743.66 6.10201e-07
743.784 6.10009e-07
743.907 6.09694e-07
744.03 6.1252e-07
744.154 6.02726e-07
744.277 5.98068e-07
744.401 5.94298e-07
744.524 6.03346e-07
744.647 5.88475e-07
744.771 5.84195e-07
744.894 5.82161e-07
745.017 6.00162e-07
745.141 6.05614e-07
745.264 6.09046e-07
745.387 6.12758e-07
745.511 6.12653e-07
745.634 6.11057e-07
745.757 6.12817e-07
745.88 6.12395e-07
746.004 6.14054e-07
746.127 6.13581e-07
746.25 6.01411e-07
746.373 5.8878e-07
746.497 5.88434e-07
746.62 6.02706e-07
746.743 6.12936e-07
746.866 6.14158e-07
746.989 6.14248e-07
747.112 6.14523e-07
747.236 6.14141e-07
747.359 6.11056e-07
747.482 6.06953e-07
747.605 6.07623e-07
747.728 6.06951e-07
747.851 6.06277e-07
747.974 6.08647e-07
748.097 6.10777e-07
748.22 6.09637e-07
748.344 6.05315e-07
748.467 6.05492e-07
748.59 6.0999e-07
748.713 6.12827e-07
748.836 6.12895e-07
748.959 6.12707e-07
749.082 6.14084e-07
749.205 6.06699e-07
749.328 6.01228e-07
749.451 5.9945e-07
749.574 5.84928e-07
749.696 5.80156e-07
749.819 5.85239e-07
749.942 6.07471e-07
750.065 6.10779e-07
750.188 6.1025e-07
750.311 6.13144e-07
750.434 6.14045e-07
750.557 6.1023e-07
750.68 6.08349e-07
750.803 5.99986e-07
750.925 6.00076e-07
751.048 6.03919e-07
751.171 5.87325e-07
751.294 5.77997e-07
751.417 5.81802e-07
751.539 6.07325e-07
751.662 6.09962e-07
751.785 6.10293e-07
751.908 6.1322e-07
752.031 6.16344e-07
752.153 6.15583e-07
752.276 6.11518e-07
752.399 5.9878e-07
752.522 5.9466e-07
752.644 5.9128e-07
752.767 6.00276e-07
752.89 6.08939e-07
753.012 6.13799e-07
753.135 6.08451e-07
753.258 5.95001e-07
753.38 5.9317e-07
753.503 6.02149e-07
753.625 6.13173e-07
753.748 6.1509e-07
753.871 6.14763e-07
753.993 6.15342e-07
754.116 6.1397e-07
754.238 6.13107e-07
754.361 6.12414e-07
754.484 6.1331e-07
754.606 6.14233e-07
754.729 6.06893e-07
754.851 6.01133e-07
754.974 6.04656e-07
755.096 6.10114e-07
755.219 6.13208e-07
755.341 6.12275e-07
755.464 6.1238e-07
755.586 6.0384e-07
755.709 5.94515e-07
755.831 5.95193e-07
755.953 6.04268e-07
756.076 6.04986e-07
756.198 6.06509e-07
756.321 6.06705e-07
756.443 6.10804e-07
756.565 6.09492e-07
756.688 6.12719e-07
756.81 6.0896e-07
756.932 6.01833e-07
757.055 5.9405e-07
757.177 5.98196e-07
757.299 6.09234e-07
757.422 6.06074e-07
757.544 5.98686e-07
757.666 5.97457e-07
757.789 6.06923e-07
757.911 6.13706e-07
758.033 6.12106e-07
758.155 6.12383e-07
758.278 6.11215e-07
758.4 6.03768e-07
758.522 5.9398e-07
758.644 5.82167e-07
758.767 5.79497e-07
758.889 5.8212e-07
759.011 5.96618e-07
759.133 6.00052e-07
759.255 6.03734e-07
759.377 5.82538e-07
759.499 4.51138e-07
759.622 2.70268e-07
759.744 1.19464e-07
759.866 8.15933e-08
759.988 7.44782e-08
760.11 6.14572e-08
760.232 4.32657e-08
760.354 2.94608e-08
760.476 2.18004e-08
760.598 1.83029e-08
760.72 1.5922e-08
760.842 1.80097e-08
760.964 2.26813e-08
761.086 2.601e-08
761.208 4.28811e-08
761.33 4.89531e-08
761.452 8.45759e-08
761.574 1.11212e-07
761.696 1.4872e-07
761.818 2.41007e-07
761.94 3.81893e-07
762.062 4.62117e-07
762.184 3.68488e-07
762.306 2.87401e-07
762.428 1.9295e-07
762.549 1.57175e-07
762.671 1.51584e-07
762.793 1.52456e-07
762.915 1.29528e-07
763.037 1.32915e-07
763.159 1.56208e-07
763.28 1.35593e-07
763.402 1.24154e-07
763.524 1.7691e-07
763.646 1.72789e-07
763.768 1.27428e-07
763.889 1.82596e-07
764.011 2.28239e-07
764.133 1.80766e-07
764.255 1.59803e-07
764.376 2.55362e-07
764.498 2.80116e-07
764.62 1.98931e-07
764.741 2.06803e-07
764.863 3.25336e-07
764.985 3.36748e-07
765.106 2.37524e-07
765.228 2.48943e-07
765.35 3.80015e-07
765.471 4.06016e-07
765.593 3.01013e-07
765.714 2.86883e-07
765.836 3.91161e-07
765.958 4.61424e-07
766.079 3.68913e-07
766.201 3.17403e-07
766.322 3.90618e-07
766.444 5.07451e-07
766.565 4.73795e-07
766.687 3.87551e-07
766.808 4.02597e-07
766.93 5.05911e-07
767.051 5.64804e-07
767.173 4.99197e-07
767.294 4.47152e-07
767.416 4.79197e-07
767.537 5.62256e-07
767.659 5.92315e-07
767.78 5.37222e-07
767.901 5.01622e-07
768.023 5.22308e-07
768.144 5.67502e-07
768.266 5.89038e-07
768.387 5.56483e-07
768.508 5.38583e-07
768.63 5.50233e-07
768.751 5.89664e-07
768.872 6.07157e-07
768.994 5.8136e-07
769.115 5.53224e-07
769.236 5.38415e-07
769.357 5.61429e-07
769.479 5.8563e-07
769.6 6.00074e-07
769.721 5.84165e-07
769.842 5.74625e-07
769.964 5.63786e-07
770.085 5.75791e-07
770.206 5.8335e-07
770.327 6.02889e-07
770.448 5.98613e-07
770.57 5.99069e-07
770.691 6.05078e-07
770.812 6.14095e-07
770.933 6.16614e-07
771.054 6.06732e-07
771.175 5.92923e-07
771.296 5.85113e-07
771.418 5.91476e-07
771.539 5.85615e-07
771.66 5.80517e-07
771.781 5.84738e-07
771.902 5.99879e-07
772.023 6.03945e-07
772.144 6.05105e-07
772.265 6.04909e-07
772.386 5.99203e-07
772.507 5.9943e-07
772.628 5.99472e-07
772.749 6.04474e-07
772.87 5.94511e-07
772.991 5.96462e-07
773.112 5.99616e-07
773.233 6.11218e-07
773.354 6.07892e-07
773.474 6.06274e-07
773.595 6.06665e-07
773.716 6.10088e-07
773.837 6.13068e-07
773.958 6.14301e-07
774.079 6.12978e-07
774.2 6.13052e-07
774.32 6.01877e-07
774.441 5.92141e-07
774.562 5.90624e-07
774.683 6.01119e-07
774.804 6.04763e-07
774.924 5.85108e-07
775.045 5.77075e-07
775.166 5.77436e-07
775.287 5.98184e-07
775.407 6.05459e-07
775.528 6.10966e-07
775.649 6.12183e-07
775.77 6.11486e-07
775.89 6.13255e-07
776.011 6.11956e-07
776.132 6.07615e-07
776.252 6.05708e-07
776.373 6.08809e-07
776.493 6.12869e-07
776.614 6.13923e-07
776.735 6.13404e-07
776.855 6.14785e-07
776.976 6.15234e-07
777.096 6.14863e-07
777.217 6.10334e-07
777.337 6.02014e-07
777.458 5.94502e-07
777.579 5.92957e-07
777.699 5.95049e-07
777.82 6.01358e-07
777.94 6.09166e-07
778.061 6.09067e-07
778.181 5.90843e-07
778.301 5.89697e-07
778.422 5.97662e-07
778.542 6.13936e-07
778.663 6.15177e-07
778.783 6.15037e-07
778.904 6.10595e-07
779.024 5.98311e-07
779.144 5.98023e-07
779.265 6.04511e-07
779.385 6.14835e-07
779.505 6.12751e-07
779.626 6.14587e-07
779.746 6.12929e-07
779.866 6.01063e-07
779.987 5.9549e-07
780.107 5.87565e-07
780.227 5.97974e-07
780.347 6.00469e-07
780.468 6.08558e-07
780.588 6.10172e-07
780.708 6.1206e-07
780.828 6.06994e-07
780.948 6.00797e-07
781.069 5.98864e-07
781.189 5.97941e-07
781.309 5.98523e-07
781.429 6.0022e-07
781.549 6.09482e-07
781.669 6.12138e-07
781.789 6.13639e-07
781.91 6.13452e-07
782.03 6.13053e-07
782.15 6.1279e-07
782.27 6.11946e-07
782.39 6.12682e-07
782.51 6.13764e-07
782.63 6.13971e-07
782.75 6.10828e-07
782.87 6.10168e-07
782.99 6.09364e-07
783.11 6.08938e-07
783.23 6.0305e-07
783.35 5.82048e-07
783.47 5.78675e-07
783.59 5.84302e-07
783.71 5.87227e-07
783.83 5.84936e-07
783.949 5.92161e-07
784.069 5.99886e-07
784.189 6.01239e-07
784.309 6.01348e-07
784.429 5.97069e-07
784.549 5.95187e-07
2300.49 7.57977e-08
2300.57 7.35734e-08
2300.66 6.69971e-08
2300.74 5.93728e-08
2300.82 6.17544e-08
2300.91 6.81717e-08
2300.99 7.68477e-08
2301.07 8.11986e-08
2301.16 8.53985e-08
2301.24 9.0605e-08
2301.32 9.65935e-08
2301.41 9.93789e-08
2301.49 9.75573e-08
2301.57 9.53907e-08
2301.66 9.63093e-08
2301.74 9.45143e-08
2301.83 9.3571e-08
2301.91 9.63942e-08
2301.99 1.00942e-07
2302.08 9.40322e-08
2302.16 8.02755e-08
2302.24 7.52366e-08
2302.33 8.38676e-08
2302.41 9.24183e-08
2302.5 9.52149e-08
2302.58 8.78173e-08
2302.66 7.74732e-08
2302.75 7.11671e-08
2302.83 7.58026e-08
2302.92 8.71656e-08
2303 9.45733e-08
2303.08 9.49118e-08
2303.17 9.43145e-08
2303.25 9.51168e-08
2303.34 9.13415e-08
2303.42 8.34734e-08
2303.5 7.1592e-08
2303.59 5.98464e-08
2303.67 5.91688e-08
2303.76 6.21564e-08
2303.84 6.15486e-08
2303.93 6.32326e-08
2304.01 7.58046e-08
2304.09 8.85647e-08
2304.18 9.29047e-08
2304.26 9.13222e-08
2304.35 7.75495e-08
2304.43 5.70923e-08
2304.52 5.31799e-08
2304.6 6.48788e-08
2304.68 7.67328e-08
2304.77 8.19667e-08
2304.85 8.21898e-08
2304.94 7.59342e-08
2305.02 7.96341e-08
2305.11 9.09634e-08
2305.19 1.0212e-07
2305.28 1.03065e-07
2305.36 9.51473e-08
2305.45 7.69618e-08
2305.53 6.72104e-08
2305.61 7.39339e-08
2305.7 8.67784e-08
2305.78 9.3135e-08
2305.87 9.5279e-08
2305.95 9.19672e-08
2306.04 8.28197e-08
2306.12 8.16601e-08
2306.21 8.95097e-08
2306.29 9.46051e-08
2306.38 9.44284e-08
2306.46 9.08958e-08
2306.55 8.06301e-08
2306.63 7.56165e-08
2306.72 8.309e-08
2306.8 9.36372e-08
2306.89 9.43329e-08
2306.97 9.26038e-08
2307.06 9.45037e-08
2307.14 9.81783e-08
2307.23 1.02767e-07
2307.31 1.02019e-07
2307.4 9.09515e-08
2307.48 6.71505e-08
2307.57 4.89234e-08
2307.65 5.0885e-08
2307.74 7.31364e-08
2307.82 9.1622e-08
2307.91 9.79928e-08
2307.99 9.50011e-08
2308.08 9.16967e-08
2308.16 9.35162e-08
2308.25 9.81475e-08
2308.33 9.67678e-08
2308.42 9.59906e-08
2308.5 9.97198e-08
2308.59 1.04354e-07
2308.68 1.02897e-07
2308.76 9.86692e-08
2308.85 9.42624e-08
2308.93 8.98502e-08
2309.02 8.89672e-08
2309.1 9.23832e-08
2309.19 9.94644e-08
2309.27 1.00158e-07
2309.36 9.09301e-08
2309.44 8.35048e-08
2309.53 8.54473e-08
2309.62 9.07337e-08
2309.7 8.93077e-08
2309.79 9.1923e-08
2309.87 9.79729e-08
2309.96 9.30442e-08
2310.04 8.77989e-08
2310.13 9.02286e-08
2310.22 9.83996e-08
2310.3 1.02038e-07
2310.39 1.03715e-07
2310.47 1.05036e-07
2310.56 1.06561e-07
2310.64 1.06857e-07
2310.73 1.05843e-07
2310.82 1.05837e-07
2310.9 1.06285e-07
2310.99 1.07105e-07
2311.07 1.07565e-07
2311.16 1.06549e-07
2311.25 1.05487e-07
2311.33 1.05198e-07
2311.42 1.06115e-07
2311.5 1.05318e-07
2311.59 1.01307e-07
2311.68 9.81012e-08
2311.76 9.88406e-08
2311.85 1.02398e-07
2311.93 1.01755e-07
2312.02 1.0086e-07
2312.11 9.09644e-08
2312.19 8.05355e-08
2312.28 8.33013e-08
2312.36 9.62199e-08
2312.45 1.03464e-07
2312.54 1.04837e-07
2312.62 1.06487e-07
2312.71 1.06952e-07
2312.8 1.06792e-07
2312.88 1.06552e-07
2312.97 1.07031e-07
2313.05 1.06956e-07
2313.14 1.06752e-07
2313.23 1.06789e-07
2313.31 1.06876e-07
2313.4 1.06656e-07
2313.49 1.06371e-07
2313.57 1.05154e-07
2313.66 1.04515e-07
2313.75 1.03749e-07
2313.83 1.04537e-07
2313.92 1.05954e-07
2314.01 1.06412e-07
2314.09 1.06116e-07
2314.18 1.05765e-07
2314.27 1.0639e-07
2314.35 1.06252e-07
2314.44 1.06501e-07
2314.53 1.06703e-07
2314.61 1.0518e-07
2314.7 1.03079e-07
2314.79 1.01082e-07
2314.87 9.91454e-08
2314.96 9.38703e-08
2315.05 8.93195e-08
2315.13 9.14634e-08
2315.22 9.85552e-08
2315.31 1.02598e-07
2315.39 1.03778e-07
2315.48 1.03663e-07
2315.57 1.03315e-07
2315.65 1.01675e-07
2315.74 9.41488e-08
2315.83 8.46819e-08
2315.91 7.61492e-08
2316 6.75571e-08
2316.09 5.95963e-08
2316.18 5.51245e-08
2316.26 5.58782e-08
2316.35 6.14804e-08
2316.44 6.16011e-08
2316.52 5.44018e-08
2316.61 4.19046e-08
2316.7 3.62574e-08
2316.79 3.36689e-08
2316.87 3.04084e-08
2316.96 2.37623e-08
2317.05 2.28494e-08
2317.13 2.22347e-08
2317.22 2.47417e-08
2317.31 2.9096e-08
2317.4 4.41099e-08
2317.48 5.77647e-08
2317.57 6.34608e-08
2317.66 5.12446e-08
2317.75 3.90749e-08
2317.83 3.41844e-08
2317.92 3.58184e-08
2318.01 4.02732e-08
2318.09 4.61476e-08
2318.18 4.95195e-08
2318.27 5.02034e-08
2318.36 5.56526e-08
2318.44 5.72036e-08
2318.53 5.1368e-08
2318.62 4.59692e-08
2318.71 5.15463e-08
2318.79 6.10729e-08
2318.88 7.47118e-08
2318.97 8.06282e-08
2319.06 7.84531e-08
2319.15 7.05321e-08
2319.23 6.90468e-08
2319.32 7.42471e-08
2319.41 8.13933e-08
2319.5 7.57766e-08
2319.58 6.44977e-08
2319.67 6.45439e-08
2319.76 7.41382e-08
2319.85 7.34324e-08
2319.94 6.90085e-08
2320.02 7.4297e-08
2320.11 8.38009e-08
2320.2 8.37241e-08
2320.29 7.83268e-08
2320.37 7.63404e-08
2320.46 8.06389e-08
2320.55 8.62031e-08
2320.64 8.18958e-08
2320.73 7.24079e-08
2320.81 6.736e-08
2320.9 7.08746e-08
2320.99 7.75369e-08
2321.08 8.3524e-08
2321.17 8.55787e-08
2321.25 9.10554e-08
2321.34 9.3625e-08
2321.43 8.60019e-08
2321.52 7.82513e-08
2321.61 8.02853e-08
2321.69 8.43431e-08
2321.78 7.52725e-08
2321.87 5.23263e-08
2321.96 3.17386e-08
2322.05 3.33945e-08
2322.14 5.45017e-08
2322.22 7.69513e-08
2322.31 8.9244e-08
2322.4 9.00466e-08
2322.49 7.72418e-08
2322.58 5.56832e-08
2322.67 3.87015e-08
2322.75 4.28954e-08
2322.84 6.02465e-08
2322.93 7.17694e-08
2323.02 7.19883e-08
2323.11 5.97546e-08
2323.2 4.38152e-08
2323.28 3.70832e-08
2323.37 5.3653e-08
2323.46 7.66412e-08
2323.55 8.86769e-08
2323.64 8.90857e-08
2323.73 8.43019e-08
2323.82 7.36508e-08
2323.9 6.51334e-08
2323.99 6.81048e-08
2324.08 7.91104e-08
2324.17 8.70551e-08
2324.26 9.16244e-08
2324.35 9.33261e-08
2324.44 9.31576e-08
2324.53 9.31492e-08
2324.61 9.48296e-08
2324.7 9.73763e-08
2324.79 9.52364e-08
2324.88 9.16028e-08
2324.97 9.15974e-08
2325.06 9.30267e-08
2325.15 9.03109e-08
2325.24 8.57355e-08
2325.32 7.45075e-08
2325.41 6.50142e-08
2325.5 6.43574e-08
2325.59 6.86627e-08
2325.68 6.84456e-08
2325.77 7.70248e-08
2325.86 8.89603e-08
2325.95 9.84042e-08
2326.04 9.91876e-08
2326.13 9.78076e-08
2326.21 9.41499e-08
2326.3 8.82818e-08
2326.39 7.65949e-08
2326.48 7.11395e-08
2326.57 7.60726e-08
2326.66 8.50339e-08
2326.75 8.81326e-08
2326.84 8.70139e-08
2326.93 8.79986e-08
2327.02 9.31608e-08
2327.11 9.7119e-08
2327.2 9.86562e-08
2327.28 9.76366e-08
2327.37 9.62078e-08
2327.46 9.48862e-08
2327.55 9.45957e-08
2327.64 9.21414e-08
2327.73 9.04988e-08
2327.82 8.90421e-08
2327.91 9.04018e-08
2328 9.19422e-08
2328.09 9.45271e-08
2328.18 9.47464e-08
2328.27 9.43825e-08
2328.36 8.8088e-08
2328.45 6.49989e-08
2328.54 3.66958e-08
2328.63 3.51129e-08
2328.72 6.10687e-08
2328.8 8.2795e-08
2328.89 8.87277e-08
2328.98 8.5562e-08
2329.07 7.94951e-08
2329.16 8.05108e-08
2329.25 8.13094e-08
2329.34 7.47647e-08
2329.43 7.60612e-08
2329.52 8.25699e-08
2329.61 8.35745e-08
2329.7 8.61326e-08
2329.79 9.46237e-08
2329.88 9.87174e-08
2329.97 9.98992e-08
2330.06 9.89732e-08
2330.15 9.43013e-08
2330.24 9.06124e-08
2330.33 9.23915e-08
2330.42 9.61209e-08
2330.51 9.29798e-08
2330.6 8.60475e-08
2330.69 8.48966e-08
2330.78 8.5229e-08
2330.87 7.53416e-08
2330.96 7.20116e-08
2331.05 7.75719e-08
2331.14 7.71926e-08
2331.23 7.25435e-08
2331.32 7.96672e-08
2331.41 8.94538e-08
2331.5 8.85382e-08
2331.59 7.40103e-08
2331.68 5.45252e-08
2331.77 4.7199e-08
2331.86 5.6851e-08
2331.95 6.87115e-08
2332.04 7.83206e-08
2332.13 8.02734e-08
2332.22 7.24329e-08
2332.31 7.1358e-08
2332.4 7.98844e-08
2332.49 8.84608e-08
2332.58 8.72033e-08
2332.67 8.28859e-08
2332.76 8.07419e-08
2332.85 7.68459e-08
2332.94 7.78408e-08
2333.03 8.77731e-08
2333.12 9.50929e-08
2333.21 9.58632e-08
2333.3 9.49736e-08
2333.39 9.33065e-08
2333.49 9.23669e-08
2333.58 8.84885e-08
2333.67 8.47918e-08
2333.76 8.40281e-08
2333.85 8.50495e-08
2333.94 7.32306e-08
2334.03 6.3752e-08
2334.12 6.95242e-08
2334.21 8.43419e-08
2334.3 8.87373e-08
2334.39 8.42016e-08
2334.48 7.75859e-08
2334.57 7.89111e-08
2334.66 8.46057e-08
2334.75 8.15927e-08
2334.84 6.72479e-08
2334.93 5.75416e-08
2335.02 5.7798e-08
2335.12 5.89198e-08
2335.21 6.11502e-08
2335.3 7.19182e-08
2335.39 8.1868e-08
2335.48 8.11276e-08
2335.57 7.9963e-08
2335.66 8.62408e-08
2335.75 9.11128e-08
2335.84 8.71629e-08
2335.93 7.47986e-08
2336.02 6.15853e-08
2336.11 5.54526e-08
2336.21 6.15291e-08
2336.3 7.23315e-08
2336.39 8.28282e-08
2336.48 8.94017e-08
2336.57 8.75601e-08
2336.66 8.39767e-08
2336.75 8.27307e-08
2336.84 8.13758e-08
2336.93 7.9964e-08
2337.02 8.71046e-08
2337.12 9.23192e-08
2337.21 9.16377e-08
2337.3 9.07561e-08
2337.39 8.4455e-08
2337.48 8.26154e-08
2337.57 8.65208e-08
2337.66 8.93188e-08
2337.75 8.81778e-08
2337.84 8.62419e-08
2337.94 8.26916e-08
2338.03 8.23562e-08
2338.12 7.47897e-08
2338.21 5.68858e-08
2338.3 4.52916e-08
2338.39 5.18349e-08
2338.48 6.3091e-08
2338.57 5.89092e-08
2338.67 5.37621e-08
2338.76 5.27943e-08
2338.85 4.67356e-08
2338.94 4.53415e-08
2339.03 5.72745e-08
2339.12 6.93373e-08
2339.21 7.73532e-08
2339.31 8.43408e-08
2339.4 8.36103e-08
2339.49 7.35207e-08
2339.58 6.37291e-08
2339.67 6.37786e-08
2339.76 6.65973e-08
2339.85 5.58004e-08
2339.95 3.69043e-08
2340.04 2.94837e-08
2340.13 3.2464e-08
2340.22 4.16272e-08
2340.31 3.9375e-08
2340.4 3.18083e-08
2340.5 4.38874e-08
2340.59 6.70186e-08
2340.68 7.55359e-08
2340.77 7.1501e-08
2340.86 6.63086e-08
2340.95 6.11626e-08
2341.05 4.88196e-08
2341.14 3.48965e-08
2341.23 3.53967e-08
2341.32 4.35948e-08
2341.41 4.61802e-08
2341.51 4.80813e-08
2341.6 5.82988e-08
2341.69 6.68306e-08
2341.78 7.35051e-08
2341.87 7.2724e-08
2341.96 5.47417e-08
2342.06 2.9893e-08
2342.15 3.27584e-08
2342.24 5.99574e-08
2342.33 7.92474e-08
2342.42 7.83177e-08
2342.52 6.77284e-08
2342.61 7.03872e-08
2342.7 8.11033e-08
2342.79 7.97693e-08
2342.88 7.7461e-08
2342.98 7.81257e-08
2343.07 8.04482e-08
2343.16 8.04188e-08
2343.25 7.14063e-08
2343.34 6.46407e-08
2343.44 6.29478e-08
2343.53 6.5156e-08
2343.62 6.75058e-08
2343.71 6.4973e-08
2343.81 5.24255e-08
2343.9 5.70438e-08
2343.99 7.47548e-08
2344.08 8.71549e-08
2344.17 9.01969e-08
2344.27 9.0897e-08
2344.36 8.60996e-08
2344.45 7.72538e-08
2344.54 7.1393e-08
2344.64 7.05781e-08
2344.73 6.15083e-08
2344.82 5.09558e-08
2344.91 4.2636e-08
2345.01 3.52848e-08
2345.1 3.44507e-08
2345.19 4.80377e-08
2345.28 6.27083e-08
2345.38 5.96039e-08
2345.47 5.44165e-08
2345.56 5.94495e-08
2345.65 6.63003e-08
2345.75 6.53945e-08
2345.84 6.37e-08
2345.93 6.03496e-08
2346.02 6.75849e-08
2346.12 7.84971e-08
2346.21 8.76872e-08
2346.3 8.63467e-08
2346.39 7.64434e-08
2346.49 6.27455e-08
2346.58 6.2257e-08
2346.67 6.48651e-08
2346.76 4.97906e-08
2346.86 4.39456e-08
2346.95 5.93886e-08
2347.04 7.59988e-08
2347.14 7.59957e-08
2347.23 7.2668e-08
2347.32 7.19279e-08
2347.41 6.67301e-08
2347.51 5.06357e-08
2347.6 3.88189e-08
2347.69 4.24191e-08
2347.79 5.38768e-08
2347.88 6.36946e-08
2347.97 5.9228e-08
2348.06 4.50505e-08
2348.16 3.08859e-08
2348.25 3.9307e-08
2348.34 5.64993e-08
2348.44 5.4583e-08
2348.53 4.69266e-08
2348.62 5.87102e-08
2348.71 7.45569e-08
2348.81 7.74253e-08
2348.9 8.12143e-08
2348.99 8.34087e-08
2349.09 7.64477e-08
2349.18 6.96565e-08
2349.27 5.92504e-08
2349.37 5.36483e-08
2349.46 6.20904e-08
2349.55 7.28706e-08
2349.65 6.58727e-08
2349.74 4.09926e-08
2349.83 2.92816e-08
2349.93 4.14093e-08
2350.02 6.12218e-08
2350.11 7.36873e-08
2350.21 7.42103e-08
2350.3 6.12314e-08
2350.39 3.74726e-08
2350.48 2.64624e-08
2350.58 4.01166e-08
2350.67 5.32577e-08
2350.76 4.78139e-08
2350.86 3.30717e-08
2350.95 2.07554e-08
2351.04 2.90778e-08
2351.14 5.53415e-08
2351.23 7.52878e-08
2351.33 7.93462e-08
2351.42 7.4581e-08
2351.51 5.79482e-08
2351.61 3.03483e-08
2351.7 1.5663e-08
2351.79 2.80484e-08
2351.89 4.37813e-08
2351.98 4.31863e-08
2352.07 3.67879e-08
2352.17 3.98733e-08
2352.26 4.10773e-08
2352.35 2.68946e-08
2352.45 1.08572e-08
2352.54 4.891e-09
2352.63 1.3842e-08
2352.73 3.35299e-08
2352.82 5.39109e-08
2352.92 6.65525e-08
2353.01 7.26912e-08
2353.1 7.41046e-08
2353.2 6.17728e-08
2353.29 4.78021e-08
2353.38 3.88505e-08
2353.48 4.3319e-08
2353.57 3.96411e-08
2353.67 4.31594e-08
2353.76 6.01251e-08
2353.85 7.9198e-08
2353.95 8.3923e-08
2354.04 8.19352e-08
2354.13 8.12585e-08
2354.23 8.21961e-08
2354.32 8.25137e-08
2354.42 7.72276e-08
2354.51 7.43317e-08
2354.6 6.95005e-08
2354.7 6.90199e-08
2354.79 6.78645e-08
2354.89 6.33577e-08
2354.98 6.49478e-08
2355.07 7.43709e-08
2355.17 7.59038e-08
2355.26 7.26171e-08
2355.36 7.56663e-08
2355.45 8.20289e-08
2355.54 8.31791e-08
2355.64 8.12847e-08
2355.73 6.33387e-08
2355.83 3.8339e-08
2355.92 2.34386e-08
2356.01 2.45837e-08
2356.11 3.31388e-08
2356.2 3.88095e-08
2356.3 4.83678e-08
2356.39 6.6426e-08
2356.49 7.94471e-08
2356.58 8.53711e-08
2356.67 8.52482e-08
2356.77 7.45942e-08
2356.86 5.34824e-08
2356.96 4.71576e-08
2357.05 6.16302e-08
2357.15 7.42692e-08
2357.24 6.31848e-08
2357.33 5.53059e-08
2357.43 6.59123e-08
2357.52 8.01469e-08
2357.62 8.30047e-08
2357.71 8.40782e-08
2357.81 8.49639e-08
2357.9 7.81008e-08
2358 6.60729e-08
2358.09 6.26994e-08
2358.18 6.94272e-08
2358.28 6.28416e-08
2358.37 3.97965e-08
2358.47 2.07102e-08
2358.56 1.75468e-08
2358.66 2.09348e-08
2358.75 2.00455e-08
2358.85 1.38836e-08
2358.94 2.31602e-08
2359.04 4.8889e-08
2359.13 7.33032e-08
2359.22 8.34495e-08
2359.32 8.72646e-08
2359.41 8.91226e-08
2359.51 9.06148e-08
2359.6 9.24278e-08
2359.7 9.23735e-08
2359.79 9.16726e-08
2359.89 9.00569e-08
2359.98 8.8547e-08
2360.08 8.78223e-08
2360.17 8.75276e-08
2360.27 8.68186e-08
2360.36 8.76303e-08
2360.46 8.94973e-08
2360.55 9.16226e-08
2360.65 8.96171e-08
2360.74 8.62512e-08
2360.84 8.60106e-08
2360.93 8.7422e-08
2361.03 8.82305e-08
2361.12 9.00896e-08
2361.21 9.06279e-08
2361.31 8.96249e-08
2361.4 8.74853e-08
2361.5 7.53832e-08
2361.59 4.74624e-08
2361.69 3.30686e-08
2361.78 4.86418e-08
2361.88 6.75798e-08
2361.97 7.46895e-08
2362.07 8.25083e-08
2362.16 9.15655e-08
2362.26 9.19952e-08
2362.35 9.03481e-08
2362.45 8.66705e-08
2362.55 8.66998e-08
2362.64 8.55345e-08
2362.74 8.59018e-08
2362.83 8.88238e-08
2362.93 9.18347e-08
2363.02 9.14657e-08
2363.12 8.77555e-08
2363.21 8.26847e-08
2363.31 7.27527e-08
2363.4 6.27927e-08
2363.5 6.71677e-08
2363.59 7.91791e-08
2363.69 8.11231e-08
2363.78 7.175e-08
2363.88 4.60746e-08
2363.97 2.00658e-08
2364.07 2.14057e-08
2364.16 4.51135e-08
2364.26 6.76358e-08
2364.35 7.44941e-08
2364.45 6.46809e-08
2364.55 5.29278e-08
2364.64 6.16379e-08
2364.74 7.97582e-08
2364.83 8.08211e-08
2364.93 8.12928e-08
2365.02 8.6407e-08
2365.12 8.58919e-08
2365.21 8.33472e-08
2365.31 8.65347e-08
2365.41 8.86153e-08
2365.5 8.60902e-08
2365.6 8.69435e-08
2365.69 9.13377e-08
2365.79 9.35061e-08
2365.88 9.28909e-08
2365.98 9.2198e-08
2366.07 8.87404e-08
2366.17 7.0422e-08
2366.27 5.09739e-08
2366.36 5.75121e-08
2366.46 7.76222e-08
2366.55 8.27843e-08
2366.65 8.44805e-08
2366.74 8.65734e-08
2366.84 8.69315e-08
2366.94 8.41636e-08
2367.03 7.52726e-08
2367.13 5.5218e-08
2367.22 2.84498e-08
2367.32 2.25847e-08
2367.41 3.23779e-08
2367.51 3.21947e-08
2367.61 2.83934e-08
2367.7 3.36267e-08
2367.8 4.12503e-08
2367.89 6.01745e-08
2367.99 7.65695e-08
2368.09 7.99361e-08
2368.18 8.20978e-08
2368.28 8.2963e-08
2368.37 7.71724e-08
2368.47 6.35909e-08
2368.56 5.89634e-08
2368.66 6.08462e-08
2368.76 5.68096e-08
2368.85 4.26469e-08
2368.95 2.33017e-08
2369.05 2.24366e-08
2369.14 4.37811e-08
2369.24 5.9344e-08
2369.33 6.6125e-08
2369.43 7.5665e-08
2369.53 8.23117e-08
2369.62 8.22005e-08
2369.72 7.71911e-08
2369.81 6.64175e-08
2369.91 6.16763e-08
2370.01 5.64494e-08
2370.1 3.94802e-08
2370.2 2.83839e-08
2370.29 2.5557e-08
2370.39 1.61153e-08
2370.49 6.94705e-09
2370.58 5.07041e-09
2370.68 3.24931e-09
2370.78 6.12653e-09
2370.87 1.64512e-08
2370.97 2.47819e-08
2371.06 2.27516e-08
2371.16 1.49832e-08
2371.26 1.05883e-08
2371.35 5.19799e-09
2371.45 3.96741e-09
2371.55 5.90892e-09
2371.64 8.07063e-09
2371.74 1.27822e-08
2371.84 2.17625e-08
2371.93 3.42611e-08
2372.03 4.6915e-08
2372.13 4.55307e-08
2372.22 4.17687e-08
2372.32 5.12738e-08
2372.41 4.90703e-08
2372.51 4.49229e-08
2372.61 4.60711e-08
2372.7 4.53863e-08
2372.8 3.50574e-08
2372.9 3.16065e-08
2372.99 3.95472e-08
2373.09 5.44405e-08
2373.19 6.90329e-08
2373.28 7.46608e-08
2373.38 7.96449e-08
2373.48 8.04383e-08
2373.57 6.26121e-08
2373.67 5.18451e-08
2373.77 5.18311e-08
2373.86 5.87059e-08
2373.96 6.69951e-08
2374.06 7.74096e-08
2374.15 8.43891e-08
2374.25 8.60106e-08
2374.35 8.24677e-08
2374.44 7.77131e-08
2374.54 7.05842e-08
2374.64 7.14823e-08
2374.73 7.03925e-08
2374.83 6.74982e-08
2374.93 6.13677e-08
2375.03 6.61666e-08
2375.12 7.7206e-08
2375.22 7.79641e-08
2375.32 6.42104e-08
2375.41 6.14291e-08
2375.51 7.38957e-08
2375.61 8.28896e-08
2375.7 8.39774e-08
2375.8 8.39491e-08
2375.9 8.20026e-08
2375.99 7.59578e-08
2376.09 6.48937e-08
2376.19 5.5097e-08
2376.29 4.67131e-08
2376.38 3.11668e-08
2376.48 2.30508e-08
2376.58 2.21203e-08
2376.67 1.46882e-08
2376.77 1.52472e-08
2376.87 2.34973e-08
2376.97 3.45947e-08
2377.06 5.20894e-08
2377.16 5.78231e-08
2377.26 5.3372e-08
2377.35 4.88174e-08
2377.45 4.92505e-08
2377.55 5.13673e-08
2377.65 5.85216e-08
2377.74 6.73613e-08
2377.84 6.49772e-08
2377.94 5.19147e-08
2378.03 3.05709e-08
2378.13 1.19592e-08
2378.23 3.36503e-09
2378.33 5.20381e-09
2378.42 1.76963e-08
2378.52 3.91124e-08
2378.62 5.75935e-08
2378.72 6.79258e-08
2378.81 7.12319e-08
2378.91 7.30305e-08
2379.01 7.1917e-08
2379.1 7.27842e-08
2379.2 7.68562e-08
2379.3 7.97098e-08
2379.4 7.69867e-08
2379.49 6.78876e-08
2379.59 5.12996e-08
2379.69 3.59963e-08
2379.79 4.08912e-08
2379.88 4.84356e-08
2379.98 5.39302e-08
2380.08 5.83161e-08
2380.18 5.41084e-08
2380.27 5.66659e-08
2380.37 6.17786e-08
2380.47 4.56913e-08
2380.57 4.36924e-08
2380.67 5.80253e-08
2380.76 5.00594e-08
2380.86 3.48702e-08
2380.96 4.42458e-08
2381.06 6.70142e-08
2381.15 7.99652e-08
2381.25 8.31859e-08
2381.35 8.06549e-08
2381.45 8.07071e-08
2381.54 8.22017e-08
2381.64 8.27582e-08
2381.74 8.3208e-08
2381.84 8.42031e-08
2381.94 8.58622e-08
2382.03 8.52782e-08
2382.13 7.95486e-08
2382.23 7.17897e-08
2382.33 7.14229e-08
2382.42 7.2062e-08
2382.52 5.90737e-08
2382.62 4.6793e-08
2382.72 5.59329e-08
2382.82 7.01798e-08
2382.91 6.17395e-08
2383.01 4.18438e-08
2383.11 3.46363e-08
2383.21 3.11014e-08
2383.31 1.53269e-08
2383.4 5.34233e-09
2383.5 1.32399e-08
2383.6 3.08591e-08
2383.7 4.26849e-08
2383.8 3.91268e-08
2383.89 2.35292e-08
2383.99 8.13024e-09
2384.09 2.61668e-09
2384.19 8.36468e-09
2384.29 2.02492e-08
2384.38 2.37716e-08
2384.48 2.11565e-08
2384.58 2.83252e-08
2384.68 4.52376e-08
2384.78 5.65676e-08
2384.87 6.5459e-08
2384.97 7.18226e-08
2385.07 7.1626e-08
2385.17 7.2071e-08
2385.27 7.32018e-08
2385.36 6.93656e-08
2385.46 6.36483e-08
2385.56 6.18055e-08
2385.66 6.26219e-08
2385.76 5.45945e-08
2385.86 3.42005e-08
2385.95 1.31582e-08
2386.05 6.10542e-09
2386.15 1.4577e-08
2386.25 2.91566e-08
2386.35 3.33652e-08
2386.45 3.67105e-08
2386.54 4.30954e-08
2386.64 4.11723e-08
2386.74 3.54724e-08
2386.84 4.62933e-08
2386.94 6.76681e-08
2387.04 7.55943e-08
2387.13 7.59128e-08
2387.23 7.58672e-08
2387.33 6.9889e-08
2387.43 5.72814e-08
2387.53 4.73698e-08
2387.63 4.90073e-08
2387.73 5.51639e-08
2387.82 5.96313e-08
2387.92 4.80731e-08
2388.02 2.69632e-08
2388.12 9.37429e-09
2388.22 4.54434e-09
2388.32 1.45883e-08
2388.42 3.43068e-08
