399.485 2.28949e-07
399.68 2.20608e-07
399.874 2.23479e-07
400.069 2.32797e-07
400.264 2.40551e-07
400.458 2.26389e-07
400.653 2.1548e-07
400.847 2.2316e-07
401.042 2.37482e-07
401.237 2.42581e-07
401.431 2.44984e-07
401.626 2.4122e-07
401.821 2.40908e-07
402.016 2.43659e-07
402.21 2.45907e-07
402.405 2.43334e-07
402.6 2.45348e-07
402.795 2.49961e-07
402.989 2.38334e-07
403.184 2.17122e-07
403.379 2.09394e-07
403.574 2.23969e-07
403.769 2.45945e-07
403.963 2.51498e-07
404.158 2.49469e-07
404.353 2.30863e-07
404.548 2.01374e-07
404.743 2.02757e-07
404.938 2.30763e-07
405.133 2.45484e-07
405.328 2.3769e-07
405.523 2.28488e-07
405.718 2.19161e-07
405.913 2.21179e-07
406.108 2.25218e-07
406.303 2.10984e-07
406.498 2.02721e-07
406.693 2.12317e-07
406.888 2.30016e-07
407.083 2.24092e-07
407.278 2.21787e-07
407.473 2.24162e-07
407.668 2.16142e-07
407.863 2.11056e-07
408.058 2.2853e-07
408.254 2.40198e-07
408.449 2.34933e-07
408.644 2.37952e-07
408.839 2.5199e-07
409.034 2.56337e-07
409.229 2.5099e-07
409.425 2.42637e-07
409.62 2.31461e-07
409.815 2.20058e-07
410.01 1.99281e-07
410.206 1.82801e-07
410.401 1.91616e-07
410.596 2.16999e-07
410.792 2.32139e-07
410.987 2.34801e-07
411.182 2.37983e-07
411.378 2.46741e-07
411.573 2.55751e-07
411.769 2.52378e-07
411.964 2.45368e-07
412.159 2.43432e-07
412.355 2.46529e-07
412.55 2.46367e-07
412.746 2.4206e-07
412.941 2.39056e-07
413.137 2.29928e-07
413.332 2.213e-07
413.528 2.29667e-07
413.723 2.47096e-07
413.919 2.58876e-07
414.114 2.52753e-07
414.31 2.31408e-07
414.506 2.25567e-07
414.701 2.38004e-07
414.897 2.44845e-07
415.092 2.42134e-07
415.288 2.36835e-07
415.484 2.30147e-07
415.679 2.27923e-07
415.875 2.35934e-07
416.071 2.45849e-07
416.266 2.55273e-07
416.462 2.57365e-07
416.658 2.48544e-07
416.854 2.43886e-07
417.049 2.38272e-07
417.245 2.25493e-07
417.441 2.19236e-07
417.637 2.23347e-07
417.833 2.30195e-07
418.029 2.33548e-07
418.224 2.30414e-07
418.42 2.31051e-07
418.616 2.26106e-07
418.812 2.23499e-07
419.008 2.28289e-07
419.204 2.40887e-07
419.4 2.45678e-07
419.596 2.34907e-07
419.792 2.19197e-07
419.988 2.12211e-07
420.184 2.14712e-07
420.38 2.24856e-07
420.576 2.38076e-07
420.772 2.4845e-07
420.968 2.4926e-07
421.164 2.51132e-07
421.36 2.49642e-07
421.556 2.38842e-07
421.752 2.34314e-07
421.948 2.43879e-07
422.144 2.50868e-07
422.341 2.38564e-07
422.537 2.02645e-07
422.733 1.85809e-07
422.929 2.09448e-07
423.125 2.38328e-07
423.322 2.41562e-07
423.518 2.28607e-07
423.714 2.19846e-07
423.91 2.22372e-07
424.107 2.31071e-07
424.303 2.38477e-07
424.499 2.44076e-07
424.695 2.36651e-07
424.892 2.20106e-07
425.088 2.16943e-07
425.285 2.25057e-07
425.481 2.2835e-07
425.677 2.32813e-07
425.874 2.25491e-07
426.07 2.12828e-07
426.267 2.20688e-07
426.463 2.40366e-07
426.659 2.46627e-07
426.856 2.34555e-07
427.052 2.09298e-07
427.249 1.92034e-07
427.445 1.94216e-07
427.642 2.15993e-07
427.839 2.31192e-07
428.035 2.29908e-07
428.232 2.26379e-07
428.428 2.24168e-07
428.625 2.19106e-07
428.822 2.08245e-07
429.018 1.99567e-07
429.215 2.05745e-07
429.411 2.13729e-07
429.608 2.0904e-07
429.805 1.87042e-07
430.002 1.64453e-07
430.198 1.5579e-07
430.395 1.59613e-07
430.592 1.60966e-07
430.788 1.51633e-07
430.985 1.46125e-07
431.182 1.58578e-07
431.379 1.87472e-07
431.576 2.27784e-07
431.772 2.58413e-07
431.969 2.65706e-07
432.166 2.51814e-07
432.363 2.17613e-07
432.56 1.90503e-07
432.757 2.05901e-07
432.954 2.36368e-07
433.151 2.52118e-07
433.348 2.54864e-07
433.545 2.49664e-07
433.742 2.2594e-07
433.939 1.91073e-07
434.136 1.79239e-07
434.333 1.98363e-07
434.53 2.23754e-07
434.727 2.41804e-07
434.924 2.48446e-07
435.121 2.35028e-07
435.318 2.24783e-07
435.515 2.3066e-07
435.712 2.41994e-07
435.909 2.45504e-07
436.106 2.50311e-07
436.304 2.5807e-07
436.501 2.62698e-07
436.698 2.58459e-07
436.895 2.50749e-07
437.092 2.46103e-07
437.29 2.4e-07
437.487 2.3059e-07
437.684 2.33486e-07
437.881 2.43236e-07
438.079 2.42607e-07
438.276 2.11538e-07
438.473 1.90567e-07
438.671 2.04638e-07
438.868 2.24211e-07
439.065 2.31418e-07
439.263 2.34788e-07
439.46 2.37299e-07
439.658 2.45553e-07
439.855 2.50138e-07
440.052 2.45395e-07
440.25 2.36045e-07
440.447 2.23857e-07
440.645 2.22993e-07
440.842 2.32979e-07
441.04 2.52445e-07
441.237 2.64483e-07
441.435 2.56687e-07
441.632 2.44761e-07
441.83 2.53935e-07
442.027 2.67577e-07
442.225 2.66096e-07
442.423 2.5936e-07
442.62 2.58992e-07
442.818 2.63771e-07
443.016 2.63583e-07
443.213 2.59754e-07
443.411 2.50327e-07
443.609 2.47866e-07
443.806 2.6142e-07
444.004 2.68844e-07
444.202 2.59403e-07
444.4 2.55781e-07
444.597 2.64228e-07
444.795 2.70828e-07
444.993 2.71276e-07
445.191 2.68126e-07
445.388 2.54665e-07
445.586 2.3983e-07
445.784 2.35941e-07
445.982 2.37519e-07
446.18 2.41735e-07
446.378 2.51033e-07
446.576 2.60104e-07
446.774 2.60903e-07
446.972 2.58267e-07
447.169 2.64232e-07
447.367 2.74733e-07
447.565 2.81956e-07
447.763 2.8364e-07
447.961 2.72402e-07
448.159 2.57939e-07
448.357 2.60136e-07
448.556 2.76299e-07
448.754 2.79721e-07
448.952 2.6942e-07
449.15 2.68205e-07
449.348 2.68808e-07
449.546 2.68619e-07
449.744 2.72605e-07
449.942 2.78629e-07
450.14 2.80468e-07
450.339 2.86532e-07
450.537 2.93761e-07
450.735 2.96036e-07
450.933 2.93603e-07
451.131 2.91996e-07
451.33 2.85987e-07
451.528 2.80275e-07
451.726 2.78659e-07
451.924 2.81367e-07
452.123 2.84453e-07
452.321 2.80887e-07
452.519 2.70724e-07
452.718 2.56088e-07
452.916 2.47313e-07
453.115 2.50072e-07
453.313 2.53795e-07
453.511 2.5428e-07
453.71 2.65877e-07
453.908 2.78083e-07
454.107 2.80735e-07
454.305 2.78343e-07
454.504 2.75634e-07
454.702 2.70445e-07
454.901 2.62979e-07
455.099 2.62107e-07
455.298 2.64846e-07
455.496 2.66497e-07
455.695 2.70444e-07
455.893 2.80387e-07
456.092 2.8851e-07
456.29 2.85564e-07
456.489 2.75599e-07
456.688 2.74647e-07
456.886 2.81597e-07
457.085 2.8124e-07
457.284 2.80482e-07
457.482 2.84468e-07
457.681 2.87961e-07
457.88 2.81273e-07
458.079 2.70259e-07
458.277 2.63276e-07
458.476 2.63208e-07
458.675 2.67716e-07
458.874 2.76505e-07
459.072 2.78143e-07
459.271 2.73564e-07
459.47 2.70056e-07
459.669 2.68972e-07
459.868 2.69032e-07
460.067 2.68791e-07
460.266 2.70762e-07
460.464 2.72356e-07
460.663 2.7637e-07
460.862 2.83732e-07
461.061 2.85193e-07
461.26 2.81533e-07
461.459 2.79177e-07
461.658 2.80391e-07
461.857 2.79616e-07
462.056 2.80463e-07
462.255 2.8324e-07
462.454 2.83587e-07
462.653 2.83095e-07
462.852 2.82952e-07
463.051 2.83371e-07
463.251 2.82011e-07
463.45 2.81195e-07
463.649 2.77424e-07
463.848 2.72262e-07
464.047 2.73302e-07
464.246 2.76928e-07
464.445 2.75099e-07
464.645 2.64914e-07
464.844 2.59967e-07
465.043 2.65748e-07
465.242 2.73349e-07
465.442 2.72918e-07
465.641 2.70593e-07
465.84 2.76829e-07
466.04 2.84962e-07
466.239 2.81946e-07
466.438 2.71894e-07
466.638 2.56483e-07
466.837 2.46671e-07
467.036 2.5496e-07
467.236 2.67387e-07
467.435 2.729e-07
467.634 2.7663e-07
467.834 2.7283e-07
468.033 2.65416e-07
468.233 2.65378e-07
468.432 2.71185e-07
468.632 2.74931e-07
468.831 2.74809e-07
469.031 2.71922e-07
469.23 2.70227e-07
469.43 2.73876e-07
469.629 2.76131e-07
469.829 2.70865e-07
470.029 2.62885e-07
470.228 2.54431e-07
470.428 2.54316e-07
470.627 2.58098e-07
470.827 2.59122e-07
471.027 2.61482e-07
471.226 2.67518e-07
471.426 2.6824e-07
471.626 2.70912e-07
471.826 2.79325e-07
472.025 2.85511e-07
472.225 2.85147e-07
472.425 2.85895e-07
472.625 2.8203e-07
472.824 2.71101e-07
473.024 2.62541e-07
473.224 2.65195e-07
473.424 2.70086e-07
473.624 2.70483e-07
473.824 2.70608e-07
474.023 2.74589e-07
474.223 2.78214e-07
474.423 2.79823e-07
474.623 2.81168e-07
474.823 2.82739e-07
475.023 2.81699e-07
475.223 2.77397e-07
475.423 2.71357e-07
475.623 2.68244e-07
475.823 2.72105e-07
476.023 2.7583e-07
476.223 2.70109e-07
476.423 2.62659e-07
476.623 2.58526e-07
476.823 2.6399e-07
477.023 2.71474e-07
477.223 2.74897e-07
477.424 2.78524e-07
477.624 2.82893e-07
477.824 2.8626e-07
478.024 2.85631e-07
478.224 2.81943e-07
478.424 2.77086e-07
478.625 2.72567e-07
478.825 2.70476e-07
479.025 2.70436e-07
479.225 2.76076e-07
479.426 2.84176e-07
479.626 2.89075e-07
479.826 2.85015e-07
480.027 2.77933e-07
480.227 2.78666e-07
480.427 2.81143e-07
480.628 2.78263e-07
480.828 2.75911e-07
481.028 2.76195e-07
481.229 2.79671e-07
481.429 2.8328e-07
481.63 2.87091e-07
481.83 2.89471e-07
482.031 2.8978e-07
482.231 2.83354e-07
482.432 2.76499e-07
482.632 2.78038e-07
482.833 2.80524e-07
483.033 2.78614e-07
483.234 2.7659e-07
483.434 2.78668e-07
483.635 2.80476e-07
483.835 2.77172e-07
484.036 2.70387e-07
484.237 2.6896e-07
484.437 2.72429e-07
484.638 2.77248e-07
484.839 2.75916e-07
485.039 2.74414e-07
485.24 2.72379e-07
485.441 2.63856e-07
485.642 2.51314e-07
485.842 2.37738e-07
486.043 2.08691e-07
486.244 1.93218e-07
486.445 2.11043e-07
486.646 2.40435e-07
486.846 2.55323e-07
487.047 2.49842e-07
487.248 2.42457e-07
487.449 2.48514e-07
487.65 2.60209e-07
487.851 2.67141e-07
488.052 2.72999e-07
488.253 2.73847e-07
488.454 2.69268e-07
488.655 2.61476e-07
488.856 2.56019e-07
489.057 2.47707e-07
489.258 2.51137e-07
489.459 2.71123e-07
489.66 2.87952e-07
489.861 2.88249e-07
490.062 2.84492e-07
490.263 2.78356e-07
490.464 2.77502e-07
490.665 2.80547e-07
490.866 2.77612e-07
491.068 2.66996e-07
491.269 2.6688e-07
491.47 2.77717e-07
491.671 2.78594e-07
491.872 2.57228e-07
492.074 2.39575e-07
492.275 2.45388e-07
492.476 2.59991e-07
492.678 2.7259e-07
492.879 2.80701e-07
493.08 2.85328e-07
493.282 2.78994e-07
493.483 2.71362e-07
493.684 2.66286e-07
493.886 2.6044e-07
494.087 2.66062e-07
494.289 2.80657e-07
494.49 2.86022e-07
494.692 2.84983e-07
494.893 2.86301e-07
495.095 2.88687e-07
495.296 2.87084e-07
495.498 2.81478e-07
495.699 2.61755e-07
495.901 2.59114e-07
496.102 2.75527e-07
496.304 2.90571e-07
496.506 2.86926e-07
496.707 2.79234e-07
496.909 2.74721e-07
497.111 2.77143e-07
497.312 2.8214e-07
497.514 2.86088e-07
497.716 2.84252e-07
