267.38 1.11474e-10
267.445 9.16988e-11
267.51 1.07172e-10
267.575 1.05857e-10
267.64 1.12755e-10
267.705 1.07316e-10
267.77 1.07782e-10
267.835 9.30879e-11
267.9 9.00325e-11
267.965 9.05072e-11
268.03 8.99208e-11
268.095 9.45593e-11
268.16 9.89243e-11
268.225 1.02505e-10
268.291 1.0503e-10
268.356 1.06137e-10
268.421 1.0583e-10
268.486 1.13176e-10
268.551 9.85451e-11
268.616 1.03834e-10
268.681 1.01523e-10
268.746 1.0359e-10
268.811 1.06776e-10
268.876 1.03453e-10
268.941 8.23722e-11
269.006 9.05901e-11
269.071 9.155e-11
269.137 9.27496e-11
269.202 1.04041e-10
269.267 1.05225e-10
269.332 1.0064e-10
269.397 9.61971e-11
269.462 1.00193e-10
269.527 9.95131e-11
269.592 8.88576e-11
269.657 9.59211e-11
269.722 8.79527e-11
269.787 8.73046e-11
269.852 1.02214e-10
269.918 1.11691e-10
269.983 1.09164e-10
270.048 1.04876e-10
270.113 1.07088e-10
270.178 1.0755e-10
270.243 1.10516e-10
270.308 1.18131e-10
270.373 1.15807e-10
270.438 1.12783e-10
270.503 1.2195e-10
270.568 1.24705e-10
270.634 1.26665e-10
270.699 1.2361e-10
270.764 1.15311e-10
270.829 1.04205e-10
270.894 1.13241e-10
270.959 1.11617e-10
271.024 1.12726e-10
271.089 1.03589e-10
271.154 1.1339e-10
271.219 1.0992e-10
271.284 1.12164e-10
271.35 1.02421e-10
271.415 1.00621e-10
271.48 1.07538e-10
271.545 9.49643e-11
271.61 9.59189e-11
271.675 9.58956e-11
271.74 9.40613e-11
271.805 8.71284e-11
271.87 7.06376e-11
271.935 7.43854e-11
272.001 6.60341e-11
272.066 5.91934e-11
272.131 6.31206e-11
272.196 7.38556e-11
272.261 7.26342e-11
272.326 7.97202e-11
272.391 7.94746e-11
272.456 8.56678e-11
272.521 8.02277e-11
272.586 8.84768e-11
272.652 8.70431e-11
272.717 8.52644e-11
272.782 8.90321e-11
272.847 1.10577e-10
272.912 1.147e-10
272.977 1.05869e-10
273.042 1.07062e-10
273.107 1.15735e-10
273.172 1.21405e-10
273.237 9.84992e-11
273.302 9.54402e-11
273.368 8.49003e-11
273.433 9.26533e-11
273.498 8.74056e-11
273.563 7.55395e-11
273.628 7.35311e-11
273.693 8.13846e-11
273.758 8.21656e-11
273.823 7.37701e-11
273.888 7.69573e-11
273.953 5.29158e-11
274.019 7.16071e-11
274.084 6.68132e-11
274.149 5.703e-11
274.214 5.35296e-11
274.279 6.3981e-11
274.344 5.87411e-11
274.409 7.37676e-11
274.474 6.25796e-11
274.539 5.40124e-11
274.604 6.63903e-11
274.67 5.76829e-11
274.735 5.97397e-11
274.8 5.90354e-11
274.865 4.81962e-11
274.93 4.7286e-11
274.995 6.09919e-11
275.06 6.93398e-11
275.125 7.47072e-11
275.19 7.80919e-11
275.255 7.66072e-11
275.321 8.01978e-11
275.386 8.68601e-11
275.451 7.8478e-11
275.516 6.84133e-11
275.581 6.54768e-11
275.646 5.93372e-11
275.711 8.53182e-11
275.776 8.34069e-11
275.841 1.02418e-10
275.906 1.00843e-10
275.972 1.17351e-10
276.037 1.17054e-10
276.102 1.25945e-10
276.167 1.14844e-10
276.232 1.14582e-10
276.297 1.10464e-10
276.362 1.11267e-10
276.427 1.11489e-10
276.492 1.17837e-10
276.557 1.30824e-10
276.623 1.30885e-10
276.688 1.22657e-10
276.753 1.20815e-10
276.818 1.19595e-10
276.883 1.18227e-10
276.948 1.20881e-10
277.013 1.23531e-10
277.078 1.21881e-10
277.143 1.14987e-10
277.208 1.29727e-10
277.273 1.33486e-10
277.339 1.35371e-10
277.404 1.31151e-10
277.469 1.25608e-10
277.534 1.19115e-10
277.599 1.13026e-10
277.664 1.14882e-10
277.729 1.2043e-10
277.794 1.03961e-10
277.859 9.56635e-11
277.924 9.38378e-11
277.99 7.42706e-11
278.055 8.88524e-11
278.12 8.10373e-11
278.185 8.64626e-11
278.25 8.6917e-11
278.315 8.68304e-11
278.38 8.61935e-11
278.445 8.25112e-11
278.51 8.23876e-11
278.575 8.15805e-11
278.64 9.06106e-11
278.706 8.3131e-11
278.771 7.33806e-11
278.836 8.1282e-11
278.901 6.79263e-11
278.966 6.07213e-11
279.031 5.63031e-11
279.096 5.9312e-11
279.161 6.03914e-11
279.226 4.2718e-11
279.291 4.63417e-11
279.356 4.44682e-11
279.422 4.23635e-11
279.487 4.14449e-11
279.552 3.56297e-11
279.617 3.84494e-11
279.682 4.66366e-11
279.747 4.91923e-11
279.812 5.5774e-11
279.877 3.30813e-11
279.942 4.11713e-11
280.007 3.81354e-11
280.072 3.74415e-11
280.137 3.02259e-11
280.203 3.66678e-11
280.268 4.90673e-11
280.333 4.40216e-11
280.398 3.99524e-11
280.463 3.83465e-11
280.528 4.31615e-11
280.593 3.65875e-11
280.658 5.05148e-11
280.723 5.61369e-11
280.788 6.13776e-11
280.853 8.37947e-11
280.918 9.23377e-11
280.984 6.73349e-11
281.049 8.11109e-11
281.114 8.00652e-11
281.179 8.59962e-11
281.244 9.90869e-11
281.309 1.03303e-10
281.374 1.08977e-10
281.439 1.13921e-10
281.504 1.26831e-10
281.569 1.33676e-10
281.634 1.32611e-10
281.699 1.38417e-10
281.764 1.4021e-10
281.83 1.43657e-10
281.895 1.51236e-10
281.96 1.56902e-10
282.025 1.62327e-10
282.09 1.48423e-10
282.155 1.58464e-10
282.22 1.79868e-10
282.285 1.70699e-10
282.35 1.94254e-10
282.415 1.69194e-10
282.48 1.63781e-10
282.545 1.73557e-10
282.61 1.68207e-10
282.676 1.88946e-10
282.741 1.72525e-10
282.806 1.72168e-10
282.871 1.71313e-10
282.936 1.91928e-10
283.001 1.98843e-10
283.066 1.87974e-10
283.131 1.95267e-10
283.196 2.05122e-10
283.261 2.07205e-10
283.326 1.90745e-10
283.391 1.89858e-10
283.456 1.88562e-10
283.521 1.7141e-10
283.587 1.78802e-10
283.652 1.7939e-10
283.717 1.85691e-10
283.782 1.94199e-10
283.847 2.07089e-10
283.912 1.92853e-10
283.977 1.96811e-10
284.042 1.99078e-10
284.107 2.06251e-10
284.172 1.84699e-10
284.237 1.80247e-10
284.302 1.65082e-10
284.367 1.80215e-10
284.432 1.7616e-10
284.497 1.60599e-10
284.562 1.51078e-10
284.628 1.5341e-10
284.693 1.40933e-10
284.758 1.32668e-10
284.823 1.16819e-10
284.888 1.04375e-10
284.953 9.10348e-11
285.018 7.10674e-11
285.083 6.45776e-11
285.148 5.78353e-11
285.213 5.31465e-11
285.278 5.23361e-11
285.343 4.66323e-11
285.408 5.34527e-11
285.473 6.19684e-11
285.538 7.65917e-11
285.603 9.22211e-11
285.668 1.05729e-10
285.734 1.21353e-10
285.799 1.41097e-10
285.864 1.47186e-10
285.929 1.75483e-10
285.994 1.89579e-10
286.059 1.96382e-10
286.124 2.05229e-10
286.189 2.23275e-10
286.254 2.22562e-10
286.319 2.41782e-10
286.384 2.32298e-10
286.449 2.41685e-10
286.514 2.52421e-10
286.579 2.46115e-10
286.644 2.41484e-10
286.709 2.37848e-10
286.774 2.37917e-10
286.839 2.27274e-10
286.904 2.33762e-10
286.97 2.32078e-10
287.035 2.53414e-10
287.1 2.55764e-10
287.165 2.82644e-10
287.23 2.68437e-10
287.295 2.92377e-10
287.36 2.88532e-10
287.425 2.74149e-10
287.49 2.62876e-10
287.555 2.60909e-10
287.62 2.64514e-10
287.685 2.6358e-10
287.75 2.54521e-10
287.815 2.36878e-10
287.88 2.35112e-10
287.945 2.13699e-10
288.01 1.84951e-10
288.075 1.6334e-10
288.14 1.47704e-10
288.205 1.51004e-10
288.27 1.48836e-10
288.335 1.7536e-10
288.401 2.04804e-10
288.466 2.49918e-10
288.531 2.81663e-10
288.596 3.01981e-10
288.661 3.1494e-10
288.726 3.28195e-10
288.791 3.16346e-10
288.856 3.03437e-10
288.921 3.20203e-10
288.986 3.16664e-10
289.051 3.2883e-10
289.116 3.30835e-10
289.181 3.25445e-10
289.246 3.26799e-10
289.311 3.28318e-10
289.376 3.31651e-10
289.441 3.71123e-10
289.506 3.8378e-10
289.571 3.93402e-10
289.636 4.11378e-10
289.701 4.27022e-10
289.766 4.4225e-10
289.831 4.66451e-10
289.896 4.87778e-10
289.961 5.20498e-10
290.026 5.03586e-10
290.091 5.06773e-10
290.156 5.21042e-10
290.221 5.69183e-10
290.286 5.47943e-10
290.352 5.69046e-10
290.417 5.49819e-10
290.482 5.51644e-10
290.547 5.74048e-10
290.612 5.63588e-10
290.677 5.54835e-10
290.742 5.40666e-10
290.807 5.21596e-10
290.872 5.1076e-10
290.937 5.16032e-10
291.002 5.20783e-10
291.067 5.05427e-10
291.132 5.32503e-10
291.197 5.82454e-10
291.262 5.68051e-10
291.327 5.78568e-10
291.392 5.68423e-10
291.457 5.59571e-10
291.522 5.77583e-10
291.587 5.59178e-10
291.652 5.18782e-10
291.717 5.06095e-10
291.782 5.29148e-10
291.847 5.51535e-10
291.912 5.55444e-10
291.977 5.38508e-10
292.042 5.51215e-10
292.107 5.63541e-10
292.172 5.77496e-10
292.237 5.50797e-10
292.302 5.34149e-10
292.367 5.47172e-10
292.432 5.09683e-10
292.497 4.87316e-10
292.562 4.81687e-10
292.627 4.75216e-10
292.692 4.77271e-10
292.757 4.43041e-10
292.822 4.38206e-10
292.887 4.91553e-10
292.952 5.14319e-10
293.017 5.59333e-10
293.082 5.77026e-10
293.147 6.18326e-10
293.212 6.49767e-10
293.277 6.65439e-10
293.342 6.77044e-10
293.407 7.07069e-10
293.472 7.06075e-10
293.537 6.21269e-10
293.603 5.83203e-10
293.668 5.6711e-10
293.733 5.62352e-10
293.798 5.17155e-10
293.863 4.92237e-10
293.928 4.94688e-10
293.993 5.28643e-10
294.058 5.41348e-10
294.123 5.79314e-10
294.188 6.01636e-10
294.253 6.34704e-10
294.318 6.0589e-10
294.383 6.08725e-10
294.448 6.53478e-10
294.513 7.1032e-10
294.578 6.87062e-10
294.643 6.13609e-10
294.708 5.92039e-10
294.773 5.60465e-10
294.838 5.48667e-10
294.903 5.31072e-10
294.968 5.14939e-10
295.033 5.37157e-10
295.098 6.27734e-10
295.163 7.04159e-10
295.228 7.18333e-10
295.293 7.19105e-10
295.358 7.26143e-10
295.423 7.53486e-10
295.488 7.40738e-10
295.553 7.10816e-10
295.618 6.42375e-10
295.683 7.03587e-10
295.748 7.75369e-10
295.813 7.75785e-10
295.878 7.64272e-10
295.943 7.60703e-10
296.008 7.69128e-10
296.073 8.43781e-10
296.138 8.67361e-10
296.203 8.64792e-10
296.268 8.82454e-10
296.333 8.76924e-10
296.398 8.21205e-10
296.463 7.81105e-10
296.528 7.00495e-10
296.593 6.071e-10
296.658 5.63413e-10
296.723 5.35399e-10
296.788 5.49557e-10
296.853 5.28127e-10
296.918 5.35317e-10
296.983 6.01044e-10
297.048 6.63907e-10
297.113 6.64896e-10
297.178 6.09312e-10
297.243 5.78827e-10
297.308 6.65999e-10
297.373 7.61057e-10
297.438 7.82633e-10
297.503 7.86054e-10
297.568 8.58139e-10
297.633 1.02041e-09
297.698 1.09687e-09
297.763 1.10207e-09
297.828 1.06066e-09
297.893 1.07384e-09
297.958 1.044e-09
298.023 9.59505e-10
298.088 8.39643e-10
298.153 7.81434e-10
298.218 6.98944e-10
298.283 6.51933e-10
298.348 5.95952e-10
298.413 5.41366e-10
298.478 5.68209e-10
298.543 6.08513e-10
298.608 5.5852e-10
298.673 6.09974e-10
298.738 6.774e-10
298.803 7.64042e-10
298.867 8.74934e-10
298.932 9.60494e-10
298.997 1.01989e-09
299.062 1.06644e-09
299.127 1.10416e-09
299.192 1.12645e-09
299.257 1.09858e-09
299.322 9.72336e-10
299.387 8.93754e-10
299.452 8.71477e-10
299.517 9.03631e-10
299.582 9.61095e-10
299.647 9.98433e-10
