2342.69 8.79615e-08
2342.78 8.90053e-08
2342.87 8.51331e-08
2342.97 8.71127e-08
2343.06 8.95741e-08
2343.15 8.93526e-08
2343.24 8.07316e-08
2343.34 7.26643e-08
2343.43 7.0669e-08
2343.52 7.22482e-08
2343.61 7.54745e-08
2343.7 7.33263e-08
2343.8 6.04927e-08
2343.89 6.29865e-08
2343.98 8.10058e-08
2344.07 9.54837e-08
2344.17 9.94259e-08
2344.26 9.96026e-08
2344.35 9.56878e-08
2344.44 8.70715e-08
2344.53 7.97428e-08
2344.63 7.99058e-08
2344.72 7.14113e-08
2344.81 6.08354e-08
2344.9 5.16467e-08
2345 4.64821e-08
2345.09 4.52596e-08
2345.18 5.74421e-08
2345.27 7.21454e-08
2345.37 6.86039e-08
2345.46 6.20153e-08
2345.55 6.66513e-08
2345.64 7.5234e-08
2345.74 7.53191e-08
2345.83 7.27608e-08
2345.92 6.82676e-08
2346.01 7.45674e-08
2346.11 8.50977e-08
2346.2 9.60378e-08
2346.29 9.56935e-08
2346.38 8.79525e-08
2346.48 7.22695e-08
2346.57 7.0031e-08
2346.66 7.2591e-08
2346.75 5.73983e-08
2346.85 4.90587e-08
2346.94 6.37182e-08
2347.03 8.36543e-08
2347.13 8.67612e-08
2347.22 8.57462e-08
2347.31 8.41034e-08
2347.4 7.67879e-08
2347.5 6.023e-08
2347.59 4.64331e-08
2347.68 5.07863e-08
2347.78 6.3093e-08
2347.87 7.22231e-08
2347.96 6.78048e-08
2348.05 5.29191e-08
2348.15 3.64562e-08
2348.24 4.25342e-08
2348.33 6.14039e-08
2348.43 6.18884e-08
2348.52 5.3566e-08
2348.61 6.44248e-08
2348.7 8.14115e-08
2348.8 8.60079e-08
2348.89 8.93483e-08
2348.98 9.20887e-08
2349.08 8.58079e-08
2349.17 7.92531e-08
2349.26 6.76265e-08
2349.36 6.05765e-08
2349.45 6.76642e-08
2349.54 8.16387e-08
2349.64 7.88281e-08
2349.73 5.34463e-08
2349.82 3.87686e-08
2349.92 4.92003e-08
2350.01 6.99046e-08
2350.1 8.22909e-08
2350.2 8.30628e-08
2350.29 7.09666e-08
2350.38 4.52157e-08
2350.47 3.07092e-08
2350.57 4.47522e-08
2350.66 6.27028e-08
2350.75 6.01003e-08
2350.85 4.29354e-08
2350.94 2.63285e-08
2351.03 3.13493e-08
2351.13 5.97335e-08
2351.22 8.34209e-08
2351.32 9.00957e-08
2351.41 8.74794e-08
2351.5 7.3988e-08
2351.6 4.39375e-08
2351.69 2.40168e-08
2351.78 3.53705e-08
2351.88 5.44516e-08
2351.97 5.46196e-08
2352.06 4.75281e-08
2352.16 5.17123e-08
2352.25 5.31446e-08
2352.34 3.88845e-08
2352.44 1.81338e-08
2352.53 8.65059e-09
2352.62 1.90194e-08
2352.72 4.19284e-08
2352.81 6.54463e-08
2352.91 7.79849e-08
2353 8.37468e-08
2353.09 8.40032e-08
2353.19 7.1712e-08
2353.28 5.54664e-08
2353.37 4.48158e-08
2353.47 4.85645e-08
2353.56 4.54037e-08
2353.66 4.87426e-08
2353.75 6.37842e-08
2353.84 8.40452e-08
2353.94 9.21091e-08
2354.03 9.1108e-08
2354.12 9.10191e-08
2354.22 9.1353e-08
2354.31 9.17809e-08
2354.41 8.59364e-08
2354.5 8.29928e-08
2354.59 7.79699e-08
2354.69 7.73412e-08
2354.78 7.66619e-08
2354.88 7.15297e-08
2354.97 7.20117e-08
2355.06 8.11154e-08
2355.16 8.50501e-08
2355.25 8.03357e-08
2355.35 8.24724e-08
2355.44 8.82973e-08
2355.53 9.14862e-08
2355.63 8.99664e-08
2355.72 7.28605e-08
2355.82 4.576e-08
2355.91 2.80216e-08
2356 2.73691e-08
2356.1 3.6282e-08
2356.19 4.27442e-08
2356.29 5.2639e-08
2356.38 7.12982e-08
2356.48 8.73785e-08
2356.57 9.26764e-08
2356.66 9.61202e-08
2356.76 8.74108e-08
2356.85 6.90272e-08
2356.95 6.1139e-08
2357.04 7.18948e-08
2357.14 8.38206e-08
2357.23 7.32735e-08
2357.32 6.26103e-08
2357.42 7.13287e-08
2357.51 8.7856e-08
2357.61 9.27533e-08
2357.7 9.36636e-08
2357.8 9.46015e-08
2357.89 8.74378e-08
2357.99 7.49932e-08
2358.08 7.06663e-08
2358.17 7.79527e-08
2358.27 7.25413e-08
2358.36 4.88674e-08
2358.46 2.8636e-08
2358.55 2.49801e-08
2358.65 2.89576e-08
2358.74 2.6379e-08
2358.84 1.75489e-08
2358.93 2.36184e-08
2359.02 5.07127e-08
2359.12 7.84871e-08
2359.21 9.0771e-08
2359.31 9.53628e-08
2359.4 9.81879e-08
2359.5 9.98165e-08
2359.59 1.00333e-07
2359.69 1.01565e-07
2359.78 9.99981e-08
2359.88 9.86599e-08
2359.97 9.73245e-08
2360.07 9.70445e-08
2360.16 9.7034e-08
2360.26 9.59133e-08
2360.35 9.72269e-08
2360.45 9.7417e-08
2360.54 1.00081e-07
2360.64 9.86575e-08
2360.73 9.54703e-08
2360.82 9.43073e-08
2360.92 9.64958e-08
2361.01 9.7767e-08
2361.11 9.94831e-08
2361.2 9.95839e-08
2361.3 9.88376e-08
2361.39 9.61712e-08
2361.49 8.50688e-08
2361.58 5.59366e-08
2361.68 3.83722e-08
2361.77 5.21883e-08
2361.87 7.45747e-08
2361.96 8.15913e-08
2362.06 8.94591e-08
2362.15 9.92483e-08
2362.25 1.01684e-07
2362.34 9.98141e-08
2362.44 9.66203e-08
2362.53 9.58999e-08
2362.63 9.42854e-08
2362.73 9.5365e-08
2362.82 9.82189e-08
2362.92 1.00584e-07
2363.01 1.00874e-07
2363.11 9.71903e-08
2363.2 9.34965e-08
2363.3 8.60206e-08
2363.39 7.69698e-08
2363.49 7.82902e-08
2363.58 8.90147e-08
2363.68 9.11886e-08
2363.77 8.41873e-08
2363.87 5.9816e-08
2363.96 3.10233e-08
2364.06 2.81199e-08
2364.15 5.26352e-08
2364.25 7.71323e-08
2364.34 8.50355e-08
2364.44 7.53215e-08
2364.54 6.10352e-08
2364.63 6.73267e-08
2364.73 8.7304e-08
2364.82 9.09168e-08
2364.92 9.0854e-08
2365.01 9.5679e-08
2365.11 9.58616e-08
2365.2 9.21949e-08
2365.3 9.36417e-08
2365.39 9.6976e-08
2365.49 9.4314e-08
2365.59 9.44717e-08
2365.68 9.84105e-08
2365.78 1.01868e-07
2365.87 1.01832e-07
2365.97 1.00803e-07
2366.06 9.8113e-08
2366.16 8.06527e-08
2366.25 5.79539e-08
2366.35 6.19035e-08
2366.45 8.36465e-08
2366.54 9.14137e-08
2366.64 9.35476e-08
2366.73 9.60275e-08
2366.83 9.61119e-08
2366.92 9.39583e-08
2367.02 8.76557e-08
2367.12 6.98125e-08
2367.21 4.04462e-08
2367.31 3.04943e-08
2367.4 4.02078e-08
2367.5 3.91586e-08
2367.6 3.32783e-08
2367.69 3.73901e-08
2367.79 4.48348e-08
2367.88 6.46316e-08
2367.98 8.30795e-08
2368.07 8.90677e-08
2368.17 9.11936e-08
2368.27 9.11908e-08
2368.36 8.87599e-08
2368.46 7.62196e-08
2368.55 7.09169e-08
2368.65 7.14179e-08
2368.75 6.90545e-08
2368.84 5.63151e-08
2368.94 3.48479e-08
2369.03 2.96921e-08
2369.13 5.15561e-08
2369.23 6.92597e-08
2369.32 7.51954e-08
2369.42 8.45359e-08
2369.51 9.15737e-08
2369.61 9.18057e-08
2369.71 8.68046e-08
2369.8 7.68156e-08
2369.9 6.99546e-08
2370 6.49579e-08
2370.09 4.7218e-08
2370.19 3.36318e-08
2370.28 3.01001e-08
2370.38 2.06612e-08
2370.48 9.5165e-09
2370.57 6.65858e-09
2370.67 4.85446e-09
2370.77 7.32532e-09
2370.86 1.83892e-08
2370.96 2.91914e-08
2371.05 2.82469e-08
2371.15 1.99879e-08
2371.25 1.58855e-08
2371.34 9.45943e-09
2371.44 6.81954e-09
2371.54 8.79254e-09
2371.63 1.1344e-08
2371.73 1.55553e-08
2371.82 2.53206e-08
2371.92 3.86948e-08
2372.02 5.24715e-08
2372.11 5.14e-08
2372.21 4.81734e-08
2372.31 5.6485e-08
2372.4 5.65982e-08
2372.5 5.11885e-08
2372.6 5.1301e-08
2372.69 5.29699e-08
2372.79 4.19034e-08
2372.89 3.75613e-08
2372.98 4.60811e-08
2373.08 6.17881e-08
2373.18 7.68574e-08
2373.27 8.32727e-08
2373.37 8.77604e-08
2373.47 8.9581e-08
2373.56 7.22538e-08
2373.66 5.94825e-08
2373.76 5.75194e-08
2373.85 6.53624e-08
2373.95 7.40747e-08
2374.05 8.50212e-08
2374.14 9.2896e-08
2374.24 9.49236e-08
2374.34 9.18371e-08
2374.43 8.72488e-08
2374.53 7.99836e-08
2374.63 7.90882e-08
2374.72 7.85525e-08
2374.82 7.49193e-08
2374.92 6.79942e-08
2375.01 7.27705e-08
2375.11 8.4122e-08
2375.21 8.69588e-08
2375.3 7.40042e-08
2375.4 6.8843e-08
2375.5 8.03044e-08
2375.6 9.0509e-08
2375.69 9.23841e-08
2375.79 9.26959e-08
2375.89 9.12942e-08
2375.98 8.63709e-08
2376.08 7.47805e-08
2376.18 6.47375e-08
2376.27 5.76104e-08
2376.37 4.37208e-08
2376.47 3.38527e-08
2376.57 3.23087e-08
2376.66 2.27281e-08
2376.76 1.94038e-08
2376.86 2.75907e-08
2376.95 3.91378e-08
2377.05 5.67147e-08
2377.15 6.56777e-08
2377.25 6.2522e-08
2377.34 5.88496e-08
2377.44 6.08666e-08
2377.54 6.10418e-08
2377.63 6.69224e-08
2377.73 7.68138e-08
2377.83 7.80315e-08
2377.93 6.61313e-08
2378.02 4.4509e-08
2378.12 2.0535e-08
2378.22 6.32555e-09
2378.31 6.95464e-09
2378.41 2.26409e-08
2378.51 4.77921e-08
2378.61 6.81683e-08
2378.7 7.88952e-08
2378.8 8.21376e-08
2378.9 8.36716e-08
2379 8.3071e-08
2379.09 8.25142e-08
2379.19 8.56396e-08
2379.29 8.94658e-08
2379.39 8.75792e-08
2379.48 8.00673e-08
2379.58 6.54766e-08
2379.68 4.86841e-08
2379.78 5.03172e-08
2379.87 5.68096e-08
2379.97 6.08268e-08
2380.07 6.55385e-08
2380.17 6.18304e-08
2380.26 6.34654e-08
2380.36 7.04159e-08
2380.46 5.59193e-08
2380.56 5.09786e-08
2380.65 6.65157e-08
2380.75 6.53324e-08
2380.85 4.91699e-08
2380.95 5.54368e-08
2381.04 7.71959e-08
2381.14 8.92464e-08
2381.24 9.28538e-08
2381.34 9.02818e-08
2381.43 8.97425e-08
2381.53 9.09531e-08
2381.63 9.10548e-08
2381.73 9.21462e-08
2381.83 9.34754e-08
2381.92 9.5013e-08
2382.02 9.52288e-08
2382.12 9.05926e-08
2382.22 8.36062e-08
2382.31 8.22234e-08
2382.41 8.38157e-08
2382.51 7.29637e-08
2382.61 6.13588e-08
2382.71 6.73929e-08
2382.8 8.072e-08
2382.9 7.38042e-08
2383 5.07062e-08
2383.1 4.15434e-08
2383.2 3.91819e-08
2383.29 2.28788e-08
2383.39 8.67555e-09
2383.49 1.64748e-08
2383.59 3.82445e-08
2383.69 5.44831e-08
2383.78 5.25259e-08
2383.88 3.54354e-08
2383.98 1.41909e-08
2384.08 4.31551e-09
2384.18 1.16481e-08
2384.27 2.82616e-08
2384.37 3.67633e-08
2384.47 3.21955e-08
2384.57 3.65275e-08
2384.67 5.29304e-08
2384.76 6.51881e-08
2384.86 7.44098e-08
2384.96 8.14473e-08
2385.06 8.13235e-08
2385.16 8.11617e-08
2385.25 8.32369e-08
2385.35 8.13138e-08
2385.45 7.54987e-08
2385.55 7.35501e-08
2385.65 7.48684e-08
2385.75 6.8365e-08
2385.84 4.80622e-08
2385.94 2.19058e-08
2386.04 9.81529e-09
2386.14 1.93544e-08
2386.24 3.7194e-08
2386.34 4.16101e-08
2386.43 4.40062e-08
2386.53 4.99379e-08
2386.63 5.00226e-08
2386.73 4.16593e-08
2386.83 5.12494e-08
2386.93 7.42756e-08
2387.02 8.49483e-08
2387.12 8.5719e-08
2387.22 8.58877e-08
2387.32 8.10831e-08
2387.42 6.64701e-08
2387.52 5.5717e-08
2387.61 5.62135e-08
2387.71 6.32232e-08
2387.81 7.21602e-08
2387.91 6.27488e-08
2388.01 4.06156e-08
2388.11 1.6334e-08
2388.21 6.4461e-09
2388.3 1.90722e-08
2388.4 4.36497e-08
