399.511 1.94729e-07
399.706 1.87778e-07
399.9 1.91747e-07
400.095 2.00229e-07
400.29 2.05579e-07
400.484 1.91379e-07
400.679 1.84095e-07
400.873 1.92132e-07
401.068 2.04449e-07
401.263 2.07265e-07
401.457 2.09226e-07
401.652 2.05174e-07
401.847 2.05421e-07
402.041 2.08144e-07
402.236 2.101e-07
402.431 2.06602e-07
402.625 2.09944e-07
402.82 2.1282e-07
403.015 2.02185e-07
403.21 1.84239e-07
403.404 1.79476e-07
403.599 1.94051e-07
403.794 2.11147e-07
403.989 2.14261e-07
404.184 2.12741e-07
404.379 1.94476e-07
404.573 1.70338e-07
404.768 1.74536e-07
404.963 2.00259e-07
405.158 2.0967e-07
405.353 2.01947e-07
405.548 1.94041e-07
405.743 1.86251e-07
405.938 1.9e-07
406.133 1.91863e-07
406.328 1.78872e-07
406.523 1.73002e-07
406.718 1.84068e-07
406.913 1.97781e-07
407.108 1.91437e-07
407.303 1.89855e-07
407.498 1.90989e-07
407.693 1.83303e-07
407.888 1.81136e-07
408.083 1.97117e-07
408.278 2.05099e-07
408.474 2.00148e-07
408.669 2.03699e-07
408.864 2.1597e-07
409.059 2.18531e-07
409.254 2.13174e-07
409.449 2.05927e-07
409.645 1.96347e-07
409.84 1.86622e-07
410.035 1.67984e-07
410.23 1.55481e-07
410.426 1.65433e-07
410.621 1.87863e-07
410.816 1.99157e-07
411.012 2.00379e-07
411.207 2.03541e-07
411.402 2.11601e-07
411.598 2.18617e-07
411.793 2.14098e-07
411.988 2.09104e-07
412.184 2.07906e-07
412.379 2.11354e-07
412.575 2.09603e-07
412.77 2.06369e-07
412.965 2.03969e-07
413.161 1.95557e-07
413.356 1.89149e-07
413.552 1.96918e-07
413.747 2.12825e-07
413.943 2.21757e-07
414.138 2.14493e-07
414.334 1.95932e-07
414.53 1.93745e-07
414.725 2.04797e-07
414.921 2.0959e-07
415.116 2.07041e-07
415.312 2.01831e-07
415.508 1.9644e-07
415.703 1.95793e-07
415.899 2.02858e-07
416.095 2.116e-07
416.29 2.18672e-07
416.486 2.2014e-07
416.682 2.12608e-07
416.877 2.08749e-07
417.073 2.02968e-07
417.269 1.92326e-07
417.465 1.87984e-07
417.661 1.91509e-07
417.856 1.97883e-07
418.052 2.00192e-07
418.248 1.97888e-07
418.444 1.98392e-07
418.64 1.94574e-07
418.836 1.91477e-07
419.031 1.9672e-07
419.227 2.08275e-07
419.423 2.09598e-07
419.619 1.99691e-07
419.815 1.86434e-07
420.011 1.81908e-07
420.207 1.84716e-07
420.403 1.94336e-07
420.599 2.05848e-07
420.795 2.13276e-07
420.991 2.13825e-07
421.187 2.15233e-07
421.383 2.13617e-07
421.579 2.03887e-07
421.775 2.01715e-07
421.971 2.10783e-07
422.168 2.15594e-07
422.364 2.02565e-07
422.56 1.70431e-07
422.756 1.59501e-07
422.952 1.83591e-07
423.148 2.06593e-07
423.345 2.06622e-07
423.541 1.9526e-07
423.737 1.88304e-07
423.933 1.90995e-07
424.129 1.99071e-07
424.326 2.05042e-07
424.522 2.09314e-07
424.718 2.01899e-07
424.915 1.8763e-07
425.111 1.87138e-07
425.307 1.93699e-07
425.504 1.96152e-07
425.7 1.99803e-07
425.896 1.91983e-07
426.093 1.81903e-07
426.289 1.90291e-07
426.486 2.08159e-07
426.682 2.11248e-07
426.879 1.99663e-07
427.075 1.77404e-07
427.272 1.63859e-07
427.468 1.6786e-07
427.665 1.87878e-07
427.861 1.98975e-07
428.058 1.96232e-07
428.254 1.94222e-07
428.451 1.91883e-07
428.647 1.87041e-07
428.844 1.77149e-07
429.041 1.71734e-07
429.237 1.77555e-07
429.434 1.84634e-07
429.63 1.79437e-07
429.827 1.58563e-07
430.024 1.39818e-07
430.221 1.34201e-07
430.417 1.38041e-07
430.614 1.38078e-07
430.811 1.29615e-07
431.007 1.26107e-07
431.204 1.38054e-07
431.401 1.64729e-07
431.598 1.98879e-07
431.795 2.23442e-07
431.991 2.27995e-07
432.188 2.1394e-07
432.385 1.8291e-07
432.582 1.63335e-07
432.779 1.79562e-07
432.976 2.05521e-07
433.173 2.16827e-07
433.37 2.1856e-07
433.567 2.1316e-07
433.764 1.91276e-07
433.961 1.61649e-07
434.157 1.5507e-07
434.354 1.73041e-07
434.551 1.95661e-07
434.749 2.09968e-07
434.946 2.13951e-07
435.143 2.01531e-07
435.34 1.93349e-07
435.537 1.99924e-07
435.734 2.09416e-07
435.931 2.11859e-07
436.128 2.16582e-07
436.325 2.22701e-07
436.522 2.26529e-07
436.72 2.2239e-07
436.917 2.15006e-07
437.114 2.12318e-07
437.311 2.06563e-07
437.508 1.98621e-07
437.706 2.01968e-07
437.903 2.11936e-07
438.1 2.08019e-07
438.297 1.79736e-07
438.495 1.63959e-07
438.692 1.78522e-07
438.889 1.94752e-07
439.087 2.00099e-07
439.284 2.02546e-07
439.481 2.04899e-07
439.679 2.12401e-07
439.876 2.15657e-07
440.074 2.1122e-07
440.271 2.03063e-07
440.469 1.9293e-07
440.666 1.93329e-07
440.863 2.02717e-07
441.061 2.20043e-07
441.258 2.28499e-07
441.456 2.20237e-07
441.654 2.11601e-07
441.851 2.20783e-07
442.049 2.32038e-07
442.246 2.29319e-07
442.444 2.24388e-07
442.641 2.24187e-07
442.839 2.28465e-07
443.037 2.27502e-07
443.234 2.24314e-07
443.432 2.15937e-07
443.63 2.15251e-07
443.827 2.26962e-07
444.025 2.32795e-07
444.223 2.24079e-07
444.42 2.22076e-07
444.618 2.29618e-07
444.816 2.34886e-07
445.014 2.35075e-07
445.211 2.31884e-07
445.409 2.1985e-07
445.607 2.07592e-07
445.805 2.04867e-07
446.003 2.06615e-07
446.201 2.09896e-07
446.398 2.17941e-07
446.596 2.25907e-07
446.794 2.25905e-07
446.992 2.24123e-07
447.19 2.30123e-07
447.388 2.39343e-07
447.586 2.4431e-07
447.784 2.46031e-07
447.982 2.34984e-07
448.18 2.23446e-07
448.378 2.26515e-07
448.576 2.40443e-07
448.774 2.42242e-07
448.972 2.33754e-07
449.17 2.32508e-07
449.368 2.34276e-07
449.566 2.33141e-07
449.764 2.37228e-07
449.963 2.42191e-07
450.161 2.44127e-07
450.359 2.49789e-07
450.557 2.55897e-07
450.755 2.5659e-07
450.953 2.54464e-07
451.152 2.53155e-07
451.35 2.47211e-07
451.548 2.4399e-07
451.746 2.42763e-07
451.945 2.45404e-07
452.143 2.4638e-07
452.341 2.44304e-07
452.54 2.35119e-07
452.738 2.22046e-07
452.936 2.15196e-07
453.135 2.18119e-07
453.333 2.20456e-07
453.531 2.22068e-07
453.73 2.32343e-07
453.928 2.42884e-07
454.127 2.44474e-07
454.325 2.42146e-07
454.523 2.39793e-07
454.722 2.35328e-07
454.92 2.29174e-07
455.119 2.28691e-07
455.317 2.31186e-07
455.516 2.31895e-07
455.715 2.37049e-07
455.913 2.45834e-07
456.112 2.51827e-07
456.31 2.48748e-07
456.509 2.40493e-07
456.707 2.4082e-07
456.906 2.46099e-07
457.105 2.45539e-07
457.303 2.45119e-07
457.502 2.48922e-07
457.701 2.5206e-07
457.899 2.45374e-07
458.098 2.35718e-07
458.297 2.31107e-07
458.496 2.3059e-07
458.694 2.34187e-07
458.893 2.42754e-07
459.092 2.42999e-07
459.291 2.38848e-07
459.489 2.36483e-07
459.688 2.35211e-07
459.887 2.3555e-07
460.086 2.35506e-07
460.285 2.36951e-07
460.484 2.38486e-07
460.683 2.4221e-07
460.881 2.48706e-07
461.08 2.49245e-07
461.279 2.46137e-07
461.478 2.4421e-07
461.677 2.45211e-07
461.876 2.44817e-07
462.075 2.46393e-07
462.274 2.48866e-07
462.473 2.48654e-07
462.672 2.483e-07
462.871 2.48597e-07
463.07 2.48956e-07
463.269 2.48023e-07
463.469 2.45599e-07
463.668 2.43153e-07
463.867 2.39184e-07
464.066 2.40061e-07
464.265 2.43269e-07
464.464 2.41484e-07
464.663 2.32547e-07
464.863 2.28523e-07
465.062 2.34594e-07
465.261 2.41135e-07
465.46 2.39537e-07
465.659 2.38598e-07
465.859 2.44142e-07
466.058 2.51002e-07
466.257 2.47847e-07
466.457 2.39605e-07
466.656 2.24935e-07
466.855 2.17491e-07
467.055 2.26187e-07
467.254 2.35573e-07
467.453 2.40571e-07
467.653 2.43656e-07
467.852 2.40285e-07
468.051 2.34154e-07
468.251 2.3369e-07
468.45 2.38725e-07
468.65 2.42385e-07
468.849 2.42504e-07
469.049 2.39748e-07
469.248 2.38064e-07
469.448 2.41644e-07
469.647 2.43561e-07
469.847 2.38331e-07
470.046 2.3152e-07
470.246 2.23505e-07
470.446 2.24733e-07
470.645 2.28852e-07
470.845 2.29138e-07
471.044 2.31893e-07
471.244 2.35801e-07
471.444 2.36436e-07
471.643 2.39386e-07
471.843 2.46991e-07
472.043 2.52563e-07
472.242 2.51851e-07
472.442 2.53392e-07
472.642 2.49555e-07
472.842 2.38906e-07
473.041 2.31097e-07
473.241 2.33991e-07
473.441 2.38504e-07
473.641 2.38514e-07
473.841 2.38629e-07
474.041 2.4242e-07
474.24 2.46039e-07
474.44 2.47509e-07
474.64 2.48905e-07
474.84 2.49392e-07
475.04 2.49396e-07
475.24 2.45096e-07
475.44 2.3903e-07
475.64 2.3678e-07
475.84 2.41145e-07
476.04 2.43839e-07
476.24 2.3956e-07
476.44 2.32121e-07
476.64 2.28728e-07
476.84 2.35057e-07
477.04 2.41643e-07
477.24 2.436e-07
477.44 2.46854e-07
477.64 2.51787e-07
477.84 2.53897e-07
478.04 2.53524e-07
478.241 2.4969e-07
478.441 2.45107e-07
478.641 2.40818e-07
478.841 2.39296e-07
479.041 2.40095e-07
479.242 2.44899e-07
479.442 2.52457e-07
479.642 2.55969e-07
479.842 2.51983e-07
480.043 2.45635e-07
480.243 2.48037e-07
480.443 2.49601e-07
480.644 2.46473e-07
480.844 2.44477e-07
481.044 2.46683e-07
481.245 2.48114e-07
481.445 2.51604e-07
481.645 2.55079e-07
481.846 2.5752e-07
482.046 2.56945e-07
482.247 2.50666e-07
482.447 2.45644e-07
482.648 2.47842e-07
482.848 2.4986e-07
483.049 2.47915e-07
483.249 2.46504e-07
483.45 2.48671e-07
483.65 2.4932e-07
483.851 2.46712e-07
484.051 2.4107e-07
484.252 2.39319e-07
484.453 2.43241e-07
484.653 2.4716e-07
484.854 2.46145e-07
485.055 2.44388e-07
485.255 2.42738e-07
485.456 2.34685e-07
485.657 2.23532e-07
485.857 2.10401e-07
486.058 1.84618e-07
486.259 1.72442e-07
486.46 1.9013e-07
486.661 2.16327e-07
486.861 2.27998e-07
487.062 2.22268e-07
487.263 2.16277e-07
487.464 2.22861e-07
487.665 2.32757e-07
487.866 2.39201e-07
488.067 2.44693e-07
488.267 2.45067e-07
488.468 2.40446e-07
488.669 2.33816e-07
488.87 2.27962e-07
489.071 2.20611e-07
489.272 2.2518e-07
489.473 2.43517e-07
489.674 2.58075e-07
489.875 2.57921e-07
490.077 2.54038e-07
490.278 2.49088e-07
490.479 2.48544e-07
490.68 2.50901e-07
490.881 2.47654e-07
491.082 2.38801e-07
491.283 2.39728e-07
491.484 2.49078e-07
491.686 2.49248e-07
491.887 2.29033e-07
492.088 2.14255e-07
492.289 2.20505e-07
492.491 2.33874e-07
492.692 2.44118e-07
492.893 2.52105e-07
493.095 2.55818e-07
493.296 2.48454e-07
493.497 2.42357e-07
493.699 2.37853e-07
493.9 2.33269e-07
494.101 2.38895e-07
494.303 2.51648e-07
494.504 2.57223e-07
494.706 2.55136e-07
494.907 2.56903e-07
495.109 2.58349e-07
495.31 2.57458e-07
495.512 2.52325e-07
495.713 2.34101e-07
495.915 2.33493e-07
496.117 2.47381e-07
496.318 2.60993e-07
496.52 2.56494e-07
496.722 2.50328e-07
496.923 2.46791e-07
497.125 2.48653e-07
497.327 2.53458e-07
497.528 2.58062e-07
497.73 2.55415e-07
