304.083 1.58719e-09
304.274 1.60842e-09
304.466 1.81351e-09
304.657 1.72564e-09
304.849 1.94006e-09
305.04 2.07562e-09
305.232 2.32018e-09
305.423 2.40904e-09
305.614 2.18256e-09
305.806 2.01332e-09
305.997 2.09462e-09
306.188 2.39151e-09
306.38 2.48173e-09
306.571 2.55558e-09
306.762 2.57296e-09
306.953 3.20001e-09
307.145 3.5487e-09
307.336 4.22636e-09
307.527 4.4609e-09
307.718 4.76326e-09
307.91 5.13581e-09
308.101 5.10342e-09
308.292 5.71798e-09
308.483 6.50034e-09
308.674 7.09161e-09
308.865 7.34375e-09
309.057 7.11886e-09
309.248 7.47815e-09
309.439 8.61537e-09
309.63 9.57078e-09
309.821 1.01856e-08
310.012 9.59386e-09
310.203 1.11992e-08
310.394 1.35846e-08
310.585 1.65217e-08
310.776 1.89295e-08
310.967 1.96483e-08
311.158 2.00733e-08
311.349 2.00362e-08
311.54 1.99592e-08
311.731 1.96303e-08
311.922 1.99558e-08
312.113 2.11574e-08
312.304 2.31403e-08
312.495 2.48363e-08
312.686 2.6401e-08
312.877 2.72727e-08
313.068 2.76055e-08
313.259 2.67552e-08
313.45 2.63942e-08
313.641 2.808e-08
313.832 3.17623e-08
314.022 3.42844e-08
314.213 3.32682e-08
314.404 3.03802e-08
314.595 3.1663e-08
314.786 3.59398e-08
314.977 4.04021e-08
315.168 4.12889e-08
315.359 3.89432e-08
315.549 3.4731e-08
315.74 3.01669e-08
315.931 2.8959e-08
316.122 3.20685e-08
316.313 3.86309e-08
316.504 4.4043e-08
316.694 4.81159e-08
316.885 5.10953e-08
317.076 5.56661e-08
317.267 5.78539e-08
317.458 5.79079e-08
317.648 5.43398e-08
317.839 4.84527e-08
318.03 4.4149e-08
318.221 4.42812e-08
318.412 5.05135e-08
318.602 5.85311e-08
318.793 6.6559e-08
318.984 6.87279e-08
319.175 6.13364e-08
319.365 5.48138e-08
319.556 5.4761e-08
319.747 5.99835e-08
319.938 6.3363e-08
320.129 6.69477e-08
320.319 7.26882e-08
320.51 8.04244e-08
320.701 8.34525e-08
320.892 7.92401e-08
321.082 7.1846e-08
321.273 6.67828e-08
321.464 6.79582e-08
321.655 7.32692e-08
321.845 7.76567e-08
322.036 7.5264e-08
322.227 7.13866e-08
322.418 6.77873e-08
322.608 6.2579e-08
322.799 5.89506e-08
322.99 6.20695e-08
323.181 7.07872e-08
323.371 7.59386e-08
323.562 7.91373e-08
323.753 8.34105e-08
323.944 8.96856e-08
324.134 9.41324e-08
324.325 9.4823e-08
324.516 9.45061e-08
324.707 8.80468e-08
324.897 8.13387e-08
325.088 8.1318e-08
325.279 8.86033e-08
325.47 9.81694e-08
325.66 1.09074e-07
325.851 1.19006e-07
326.042 1.26289e-07
326.233 1.27549e-07
326.423 1.25239e-07
326.614 1.2852e-07
326.805 1.32125e-07
326.996 1.288e-07
327.186 1.22348e-07
327.377 1.21316e-07
327.568 1.20374e-07
327.759 1.1404e-07
327.95 1.07883e-07
328.14 1.07434e-07
328.331 1.11266e-07
328.522 1.11704e-07
328.713 1.1233e-07
328.904 1.22982e-07
329.094 1.36991e-07
329.285 1.47787e-07
329.476 1.51479e-07
329.667 1.52697e-07
329.858 1.54781e-07
330.048 1.54627e-07
330.239 1.43995e-07
330.43 1.29248e-07
330.621 1.18176e-07
330.812 1.20254e-07
331.003 1.24495e-07
331.193 1.249e-07
331.384 1.21278e-07
331.575 1.24757e-07
331.766 1.33465e-07
331.957 1.37958e-07
332.148 1.31661e-07
332.339 1.28046e-07
332.529 1.33323e-07
332.72 1.35583e-07
332.911 1.32401e-07
333.102 1.31676e-07
333.293 1.32461e-07
333.484 1.23149e-07
333.675 1.14034e-07
333.866 1.15766e-07
334.057 1.22545e-07
334.247 1.29503e-07
334.438 1.37958e-07
334.629 1.40814e-07
334.82 1.32298e-07
335.011 1.28926e-07
335.202 1.37042e-07
335.393 1.47071e-07
335.584 1.50607e-07
335.775 1.35931e-07
335.966 1.07392e-07
336.157 9.54857e-08
336.348 1.11925e-07
336.539 1.27391e-07
336.73 1.21202e-07
336.921 1.05954e-07
337.112 9.7584e-08
337.303 1.02653e-07
337.494 1.20498e-07
337.685 1.34697e-07
337.876 1.27641e-07
338.067 1.17507e-07
338.258 1.20094e-07
338.449 1.32045e-07
338.64 1.38097e-07
338.831 1.40348e-07
339.022 1.37276e-07
339.213 1.26105e-07
339.404 1.22326e-07
339.595 1.31475e-07
339.787 1.45618e-07
339.978 1.54405e-07
340.169 1.52977e-07
340.36 1.4523e-07
340.551 1.36884e-07
340.742 1.32246e-07
340.933 1.32065e-07
341.124 1.35051e-07
341.316 1.26462e-07
341.507 1.20856e-07
341.698 1.26218e-07
341.889 1.42336e-07
342.08 1.47671e-07
342.271 1.39719e-07
342.463 1.34926e-07
342.654 1.34448e-07
342.845 1.44184e-07
343.036 1.4965e-07
343.227 1.43197e-07
343.419 1.38672e-07
343.61 1.36684e-07
343.801 1.29915e-07
343.992 1.07328e-07
344.184 9.04239e-08
344.375 9.03947e-08
344.566 1.03082e-07
344.758 1.1702e-07
344.949 1.31946e-07
345.14 1.36064e-07
345.331 1.36308e-07
345.523 1.38124e-07
345.714 1.34183e-07
345.905 1.21565e-07
346.097 1.13566e-07
346.288 1.22047e-07
346.48 1.29379e-07
346.671 1.33303e-07
346.862 1.381e-07
347.054 1.42292e-07
347.245 1.34382e-07
347.436 1.17462e-07
347.628 1.08519e-07
347.819 1.17442e-07
348.011 1.29977e-07
348.202 1.31009e-07
348.394 1.24667e-07
348.585 1.29129e-07
348.777 1.32052e-07
348.968 1.22471e-07
349.16 1.12576e-07
349.351 1.15869e-07
349.543 1.17647e-07
349.734 1.18371e-07
349.926 1.31542e-07
350.117 1.47472e-07
350.309 1.55942e-07
350.5 1.5109e-07
350.692 1.47958e-07
350.883 1.42122e-07
351.075 1.36662e-07
351.267 1.25818e-07
351.458 1.21794e-07
351.65 1.33554e-07
351.841 1.46966e-07
352.033 1.42213e-07
352.225 1.27422e-07
352.416 1.1087e-07
352.608 1.05462e-07
352.8 1.18984e-07
352.991 1.35854e-07
353.183 1.38784e-07
353.375 1.40951e-07
353.566 1.44398e-07
353.758 1.49123e-07
353.95 1.51179e-07
354.142 1.48823e-07
354.333 1.49507e-07
354.525 1.53198e-07
354.717 1.52978e-07
354.909 1.53433e-07
355.1 1.52811e-07
355.292 1.43118e-07
355.484 1.36722e-07
355.676 1.3635e-07
355.868 1.36837e-07
356.059 1.39502e-07
356.251 1.46587e-07
356.443 1.32278e-07
356.635 1.15076e-07
356.827 1.03937e-07
357.019 1.00179e-07
357.211 1.03804e-07
357.402 1.15311e-07
357.594 1.25253e-07
357.786 1.21673e-07
357.978 1.02902e-07
358.17 8.71322e-08
358.362 8.40507e-08
358.554 8.31066e-08
358.746 8.58909e-08
358.938 1.01635e-07
359.13 1.23689e-07
359.322 1.34316e-07
359.514 1.4142e-07
359.706 1.47984e-07
359.898 1.55464e-07
360.09 1.52634e-07
360.282 1.39399e-07
360.474 1.2506e-07
360.666 1.19024e-07
360.859 1.09764e-07
361.051 1.10254e-07
361.243 1.17341e-07
361.435 1.29594e-07
361.627 1.292e-07
361.819 1.11548e-07
362.011 1.0284e-07
362.203 1.16569e-07
362.396 1.34544e-07
362.588 1.50347e-07
362.78 1.60478e-07
362.972 1.45117e-07
363.164 1.19789e-07
363.357 1.11637e-07
363.549 1.21348e-07
363.741 1.34396e-07
363.933 1.47245e-07
364.126 1.51172e-07
364.318 1.42297e-07
364.51 1.30935e-07
364.703 1.20066e-07
364.895 1.18421e-07
365.087 1.29322e-07
365.28 1.4738e-07
365.472 1.57277e-07
365.664 1.62223e-07
365.857 1.67215e-07
366.049 1.70294e-07
366.241 1.64793e-07
366.434 1.59831e-07
366.626 1.57627e-07
366.819 1.53117e-07
367.011 1.51525e-07
367.204 1.58009e-07
367.396 1.64415e-07
367.589 1.60175e-07
367.781 1.48577e-07
367.974 1.37829e-07
368.166 1.39392e-07
368.359 1.4637e-07
368.551 1.42796e-07
368.744 1.33248e-07
368.936 1.3929e-07
369.129 1.5832e-07
369.321 1.63357e-07
369.514 1.58263e-07
369.707 1.58472e-07
369.899 1.68299e-07
370.092 1.73243e-07
370.284 1.62049e-07
370.477 1.38357e-07
370.67 1.23258e-07
370.862 1.2254e-07
371.055 1.38203e-07
371.248 1.61671e-07
371.44 1.77189e-07
371.633 1.76198e-07
371.826 1.51117e-07
372.019 1.16961e-07
372.211 1.04865e-07
372.404 1.27476e-07
372.597 1.45715e-07
372.79 1.48233e-07
372.982 1.45447e-07
373.175 1.35356e-07
373.368 1.07642e-07
373.561 8.54418e-08
373.754 9.19688e-08
373.947 1.22055e-07
374.139 1.41868e-07
374.332 1.33456e-07
374.525 1.11664e-07
374.718 9.6262e-08
374.911 8.94306e-08
375.104 1.05722e-07
375.297 1.36802e-07
375.49 1.62218e-07
375.683 1.51892e-07
375.876 1.30116e-07
376.069 1.25587e-07
376.262 1.32367e-07
376.455 1.35827e-07
376.648 1.32383e-07
376.841 1.34074e-07
377.034 1.37645e-07
377.227 1.4978e-07
377.42 1.59885e-07
377.613 1.65314e-07
377.806 1.67304e-07
377.999 1.73817e-07
378.192 1.79948e-07
378.385 1.83003e-07
378.579 1.68644e-07
378.772 1.48748e-07
378.965 1.37986e-07
379.158 1.40766e-07
379.351 1.37578e-07
379.545 1.30151e-07
379.738 1.17995e-07
379.931 1.18508e-07
380.124 1.33764e-07
380.317 1.55196e-07
380.511 1.60114e-07
380.704 1.5335e-07
380.897 1.54896e-07
381.091 1.61417e-07
381.284 1.50564e-07
381.477 1.26167e-07
381.671 1.18987e-07
381.864 1.17135e-07
382.057 1.09582e-07
382.251 1.07667e-07
382.444 1.01493e-07
382.637 8.8948e-08
382.831 8.41348e-08
383.024 8.90114e-08
383.218 8.54403e-08
383.411 8.11282e-08
383.605 8.43456e-08
383.798 8.36871e-08
383.992 8.18919e-08
384.185 9.77011e-08
384.379 1.20816e-07
384.572 1.33298e-07
384.766 1.36088e-07
384.959 1.30373e-07
385.153 1.29741e-07
385.346 1.2977e-07
385.54 1.23789e-07
385.733 1.12977e-07
385.927 9.89927e-08
386.121 1.04299e-07
386.314 1.25458e-07
386.508 1.37835e-07
386.702 1.34392e-07
386.895 1.247e-07
387.089 1.09274e-07
387.283 1.06348e-07
387.476 1.243e-07
387.67 1.31865e-07
387.864 1.22637e-07
388.058 1.13795e-07
388.251 1.15375e-07
388.445 1.18032e-07
388.639 1.14822e-07
388.833 1.08664e-07
389.026 1.18973e-07
389.22 1.37948e-07
389.414 1.46078e-07
389.608 1.49864e-07
389.802 1.51012e-07
389.996 1.52815e-07
390.19 1.48858e-07
390.383 1.41204e-07
390.577 1.34246e-07
390.771 1.44555e-07
390.965 1.58812e-07
391.159 1.68431e-07
391.353 1.70175e-07
391.547 1.67006e-07
391.741 1.61107e-07
391.935 1.48654e-07
392.129 1.35486e-07
392.323 1.32977e-07
392.517 1.32113e-07
392.711 1.16901e-07
392.905 9.11146e-08
393.099 6.76323e-08
393.294 4.95269e-08
393.488 4.54423e-08
393.682 5.85256e-08
393.876 8.32783e-08
394.07 1.04643e-07
394.264 1.12662e-07
394.458 1.20148e-07
394.653 1.32835e-07
394.847 1.46499e-07
395.041 1.56034e-07
395.235 1.58321e-07
395.429 1.5909e-07
395.624 1.56897e-07
395.818 1.57882e-07
396.012 1.47326e-07
396.206 1.24553e-07
396.401 1.02585e-07
396.595 8.24987e-08
396.789 6.00174e-08
396.984 5.34576e-08
397.178 7.05109e-08
397.372 9.69576e-08
397.567 1.22041e-07
397.761 1.44907e-07
397.956 1.66001e-07
398.15 1.75997e-07
398.345 1.74654e-07
398.539 1.74085e-07
398.733 1.80633e-07
398.928 1.87279e-07
399.122 1.94169e-07
399.317 1.96901e-07
