723.783 4.4661e-07
723.908 5.22688e-07
724.033 5.43233e-07
724.158 4.72064e-07
724.283 4.64701e-07
724.408 4.64723e-07
724.533 4.85308e-07
724.658 4.56176e-07
724.783 4.89337e-07
724.908 5.13352e-07
725.033 5.27134e-07
725.158 5.27718e-07
725.283 4.86384e-07
725.407 4.19103e-07
725.532 4.17071e-07
725.657 4.91241e-07
725.782 5.40771e-07
725.907 5.15994e-07
726.032 5.10964e-07
726.157 5.18973e-07
726.281 5.04999e-07
726.406 4.93898e-07
726.531 4.76019e-07
726.656 4.46488e-07
726.781 4.71525e-07
726.906 5.35706e-07
727.03 5.60017e-07
727.155 5.42701e-07
727.28 5.33417e-07
727.405 5.09231e-07
727.529 5.00725e-07
727.654 4.73521e-07
727.779 4.28197e-07
727.903 3.99441e-07
728.028 4.45981e-07
728.153 5.20628e-07
728.277 5.3815e-07
728.402 5.31211e-07
728.527 5.40359e-07
728.651 5.68059e-07
728.776 5.54762e-07
728.901 5.07137e-07
729.025 4.67242e-07
729.15 4.37131e-07
729.274 4.35803e-07
729.399 4.3999e-07
729.524 4.74791e-07
729.648 4.97666e-07
729.773 5.32658e-07
729.897 5.6519e-07
730.022 5.61028e-07
730.146 5.36516e-07
730.271 5.16187e-07
730.395 4.89681e-07
730.52 4.54376e-07
730.644 4.76461e-07
730.769 5.36535e-07
730.893 5.56437e-07
731.018 5.17409e-07
731.142 4.79918e-07
731.267 4.8264e-07
731.391 5.071e-07
731.515 5.40343e-07
731.64 5.46118e-07
731.764 5.36653e-07
731.889 4.94266e-07
732.013 4.92281e-07
732.137 5.14397e-07
732.262 5.66975e-07
732.386 5.80637e-07
732.51 5.8166e-07
732.635 5.72446e-07
732.759 5.46882e-07
732.883 5.43444e-07
733.008 5.56198e-07
733.132 5.70779e-07
733.256 5.70601e-07
733.38 5.48353e-07
733.505 5.49735e-07
733.629 5.41053e-07
733.753 5.7038e-07
733.878 5.91463e-07
734.002 6.05919e-07
734.126 6.02354e-07
734.25 5.99725e-07
734.374 5.99273e-07
734.498 5.77657e-07
734.623 5.68857e-07
734.747 5.75969e-07
734.871 5.91305e-07
734.995 5.7523e-07
735.119 5.57592e-07
735.243 5.5897e-07
735.367 5.78015e-07
735.492 5.82526e-07
735.616 5.7888e-07
735.74 5.6813e-07
735.864 5.6769e-07
735.988 5.79034e-07
736.112 5.81429e-07
736.236 5.69306e-07
736.36 5.60577e-07
736.484 5.60584e-07
736.608 5.67128e-07
736.732 5.72144e-07
736.856 5.83503e-07
736.98 5.76661e-07
737.104 5.7245e-07
737.228 5.73357e-07
737.352 5.90257e-07
737.476 5.90666e-07
737.6 5.93078e-07
737.724 5.91915e-07
737.848 5.88174e-07
737.971 5.9264e-07
738.095 5.98571e-07
738.219 5.99422e-07
738.343 5.83843e-07
738.467 5.68347e-07
738.591 5.71707e-07
738.715 5.72495e-07
738.839 5.69698e-07
738.962 5.62059e-07
739.086 5.5726e-07
739.21 5.59458e-07
739.334 5.75668e-07
739.458 5.77182e-07
739.581 5.87257e-07
739.705 5.82587e-07
739.829 5.85961e-07
739.953 5.89369e-07
740.076 5.93933e-07
740.2 5.8959e-07
740.324 5.85946e-07
740.447 5.97974e-07
740.571 6.04931e-07
740.695 5.92468e-07
740.818 5.91007e-07
740.942 5.85786e-07
741.066 5.79539e-07
741.189 5.58753e-07
741.313 5.73878e-07
741.437 5.90303e-07
741.56 5.93309e-07
741.684 5.73942e-07
741.807 5.75531e-07
741.931 5.87716e-07
742.055 5.99764e-07
742.178 5.99503e-07
742.302 5.89127e-07
742.425 5.71055e-07
742.549 5.6874e-07
742.672 5.85061e-07
742.796 6.04692e-07
742.919 6.11565e-07
743.043 6.12082e-07
743.166 6.06772e-07
743.29 6.02809e-07
743.413 6.04718e-07
743.537 6.11369e-07
743.66 6.10201e-07
743.784 6.10009e-07
743.907 6.09694e-07
744.03 6.1252e-07
744.154 6.02726e-07
744.277 5.98068e-07
744.401 5.94298e-07
744.524 6.03346e-07
744.647 5.88475e-07
744.771 5.84195e-07
744.894 5.82161e-07
745.017 6.00162e-07
745.141 6.05614e-07
745.264 6.09046e-07
745.387 6.12758e-07
745.511 6.12653e-07
745.634 6.11057e-07
745.757 6.12817e-07
745.88 6.12395e-07
746.004 6.14054e-07
746.127 6.13581e-07
746.25 6.01411e-07
746.373 5.8878e-07
746.497 5.88434e-07
746.62 6.02706e-07
746.743 6.12936e-07
746.866 6.14158e-07
746.989 6.14248e-07
747.112 6.14523e-07
747.236 6.14141e-07
747.359 6.11056e-07
747.482 6.06953e-07
747.605 6.07623e-07
747.728 6.06951e-07
747.851 6.06277e-07
747.974 6.08647e-07
748.097 6.10777e-07
748.22 6.09637e-07
748.344 6.05315e-07
748.467 6.05492e-07
748.59 6.0999e-07
748.713 6.12827e-07
748.836 6.12895e-07
748.959 6.12707e-07
749.082 6.14084e-07
749.205 6.06699e-07
749.328 6.01228e-07
749.451 5.9945e-07
749.574 5.84928e-07
749.696 5.80156e-07
749.819 5.85239e-07
749.942 6.07471e-07
750.065 6.10779e-07
750.188 6.1025e-07
750.311 6.13144e-07
750.434 6.14045e-07
750.557 6.1023e-07
750.68 6.08349e-07
750.803 5.99986e-07
750.925 6.00076e-07
751.048 6.03919e-07
751.171 5.87325e-07
751.294 5.77997e-07
751.417 5.81802e-07
751.539 6.07325e-07
751.662 6.09962e-07
751.785 6.10293e-07
751.908 6.1322e-07
752.031 6.16344e-07
752.153 6.15583e-07
752.276 6.11518e-07
752.399 5.9878e-07
752.522 5.9466e-07
752.644 5.9128e-07
752.767 6.00276e-07
752.89 6.08939e-07
753.012 6.13799e-07
753.135 6.08451e-07
753.258 5.95001e-07
753.38 5.9317e-07
753.503 6.02149e-07
753.625 6.13173e-07
753.748 6.1509e-07
753.871 6.14763e-07
753.993 6.15342e-07
754.116 6.1397e-07
754.238 6.13107e-07
754.361 6.12414e-07
754.484 6.1331e-07
754.606 6.14233e-07
754.729 6.06893e-07
754.851 6.01133e-07
754.974 6.04656e-07
755.096 6.10114e-07
755.219 6.13208e-07
755.341 6.12275e-07
755.464 6.1238e-07
755.586 6.0384e-07
755.709 5.94515e-07
755.831 5.95193e-07
755.953 6.04268e-07
756.076 6.04986e-07
756.198 6.06509e-07
756.321 6.06705e-07
756.443 6.10804e-07
756.565 6.09492e-07
756.688 6.12719e-07
756.81 6.0896e-07
756.932 6.01833e-07
757.055 5.9405e-07
757.177 5.98196e-07
757.299 6.09234e-07
757.422 6.06074e-07
757.544 5.98686e-07
757.666 5.97457e-07
757.789 6.06923e-07
757.911 6.13706e-07
758.033 6.12106e-07
758.155 6.12383e-07
758.278 6.11215e-07
758.4 6.03768e-07
758.522 5.9398e-07
758.644 5.82167e-07
758.767 5.79497e-07
758.889 5.8212e-07
759.011 5.96618e-07
759.133 6.00052e-07
759.255 6.03734e-07
759.377 5.82538e-07
759.499 4.51138e-07
759.622 2.70268e-07
759.744 1.19464e-07
759.866 8.15933e-08
759.988 7.44782e-08
760.11 6.14572e-08
760.232 4.32657e-08
760.354 2.94608e-08
760.476 2.18004e-08
760.598 1.83029e-08
760.72 1.5922e-08
760.842 1.80097e-08
760.964 2.26813e-08
761.086 2.601e-08
761.208 4.28811e-08
761.33 4.89531e-08
761.452 8.45759e-08
761.574 1.11212e-07
761.696 1.4872e-07
761.818 2.41007e-07
761.94 3.81893e-07
762.062 4.62117e-07
762.184 3.68488e-07
762.306 2.87401e-07
762.428 1.9295e-07
762.549 1.57175e-07
762.671 1.51584e-07
762.793 1.52456e-07
762.915 1.29528e-07
763.037 1.32915e-07
763.159 1.56208e-07
763.28 1.35593e-07
763.402 1.24154e-07
763.524 1.7691e-07
763.646 1.72789e-07
763.768 1.27428e-07
763.889 1.82596e-07
764.011 2.28239e-07
764.133 1.80766e-07
764.255 1.59803e-07
764.376 2.55362e-07
764.498 2.80116e-07
764.62 1.98931e-07
764.741 2.06803e-07
764.863 3.25336e-07
764.985 3.36748e-07
765.106 2.37524e-07
765.228 2.48943e-07
765.35 3.80015e-07
765.471 4.06016e-07
765.593 3.01013e-07
765.714 2.86883e-07
765.836 3.91161e-07
765.958 4.61424e-07
766.079 3.68913e-07
766.201 3.17403e-07
766.322 3.90618e-07
766.444 5.07451e-07
766.565 4.73795e-07
766.687 3.87551e-07
766.808 4.02597e-07
766.93 5.05911e-07
767.051 5.64804e-07
767.173 4.99197e-07
767.294 4.47152e-07
767.416 4.79197e-07
767.537 5.62256e-07
767.659 5.92315e-07
767.78 5.37222e-07
767.901 5.01622e-07
768.023 5.22308e-07
768.144 5.67502e-07
768.266 5.89038e-07
768.387 5.56483e-07
768.508 5.38583e-07
768.63 5.50233e-07
768.751 5.89664e-07
768.872 6.07157e-07
768.994 5.8136e-07
769.115 5.53224e-07
769.236 5.38415e-07
769.357 5.61429e-07
769.479 5.8563e-07
769.6 6.00074e-07
769.721 5.84165e-07
769.842 5.74625e-07
769.964 5.63786e-07
770.085 5.75791e-07
770.206 5.8335e-07
770.327 6.02889e-07
770.448 5.98613e-07
770.57 5.99069e-07
770.691 6.05078e-07
770.812 6.14095e-07
770.933 6.16614e-07
771.054 6.06732e-07
771.175 5.92923e-07
771.296 5.85113e-07
771.418 5.91476e-07
771.539 5.85615e-07
771.66 5.80517e-07
771.781 5.84738e-07
771.902 5.99879e-07
772.023 6.03945e-07
772.144 6.05105e-07
772.265 6.04909e-07
772.386 5.99203e-07
772.507 5.9943e-07
772.628 5.99472e-07
772.749 6.04474e-07
772.87 5.94511e-07
772.991 5.96462e-07
773.112 5.99616e-07
773.233 6.11218e-07
773.354 6.07892e-07
773.474 6.06274e-07
773.595 6.06665e-07
773.716 6.10088e-07
773.837 6.13068e-07
773.958 6.14301e-07
774.079 6.12978e-07
774.2 6.13052e-07
774.32 6.01877e-07
774.441 5.92141e-07
774.562 5.90624e-07
774.683 6.01119e-07
774.804 6.04763e-07
774.924 5.85108e-07
775.045 5.77075e-07
775.166 5.77436e-07
775.287 5.98184e-07
775.407 6.05459e-07
775.528 6.10966e-07
775.649 6.12183e-07
775.77 6.11486e-07
775.89 6.13255e-07
776.011 6.11956e-07
776.132 6.07615e-07
776.252 6.05708e-07
776.373 6.08809e-07
776.493 6.12869e-07
776.614 6.13923e-07
776.735 6.13404e-07
776.855 6.14785e-07
776.976 6.15234e-07
777.096 6.14863e-07
777.217 6.10334e-07
777.337 6.02014e-07
777.458 5.94502e-07
777.579 5.92957e-07
777.699 5.95049e-07
777.82 6.01358e-07
777.94 6.09166e-07
778.061 6.09067e-07
778.181 5.90843e-07
778.301 5.89697e-07
778.422 5.97662e-07
778.542 6.13936e-07
778.663 6.15177e-07
778.783 6.15037e-07
778.904 6.10595e-07
779.024 5.98311e-07
779.144 5.98023e-07
779.265 6.04511e-07
779.385 6.14835e-07
779.505 6.12751e-07
779.626 6.14587e-07
779.746 6.12929e-07
779.866 6.01063e-07
779.987 5.9549e-07
780.107 5.87565e-07
780.227 5.97974e-07
780.347 6.00469e-07
780.468 6.08558e-07
780.588 6.10172e-07
780.708 6.1206e-07
780.828 6.06994e-07
780.948 6.00797e-07
781.069 5.98864e-07
781.189 5.97941e-07
781.309 5.98523e-07
781.429 6.0022e-07
781.549 6.09482e-07
781.669 6.12138e-07
781.789 6.13639e-07
781.91 6.13452e-07
782.03 6.13053e-07
782.15 6.1279e-07
782.27 6.11946e-07
782.39 6.12682e-07
782.51 6.13764e-07
782.63 6.13971e-07
782.75 6.10828e-07
782.87 6.10168e-07
782.99 6.09364e-07
783.11 6.08938e-07
783.23 6.0305e-07
783.35 5.82048e-07
783.47 5.78675e-07
783.59 5.84302e-07
783.71 5.87227e-07
783.83 5.84936e-07
783.949 5.92161e-07
784.069 5.99886e-07
784.189 6.01239e-07
784.309 6.01348e-07
784.429 5.97069e-07
784.549 5.95187e-07
