2342.7 8.11033e-08
2342.79 7.97693e-08
2342.88 7.7461e-08
2342.98 7.81257e-08
2343.07 8.04482e-08
2343.16 8.04188e-08
2343.25 7.14063e-08
2343.34 6.46407e-08
2343.44 6.29478e-08
2343.53 6.5156e-08
2343.62 6.75058e-08
2343.71 6.4973e-08
2343.81 5.24255e-08
2343.9 5.70438e-08
2343.99 7.47548e-08
2344.08 8.71549e-08
2344.17 9.01969e-08
2344.27 9.0897e-08
2344.36 8.60996e-08
2344.45 7.72538e-08
2344.54 7.1393e-08
2344.64 7.05781e-08
2344.73 6.15083e-08
2344.82 5.09558e-08
2344.91 4.2636e-08
2345.01 3.52848e-08
2345.1 3.44507e-08
2345.19 4.80377e-08
2345.28 6.27083e-08
2345.38 5.96039e-08
2345.47 5.44165e-08
2345.56 5.94495e-08
2345.65 6.63003e-08
2345.75 6.53945e-08
2345.84 6.37e-08
2345.93 6.03496e-08
2346.02 6.75849e-08
2346.12 7.84971e-08
2346.21 8.76872e-08
2346.3 8.63467e-08
2346.39 7.64434e-08
2346.49 6.27455e-08
2346.58 6.2257e-08
2346.67 6.48651e-08
2346.76 4.97906e-08
2346.86 4.39456e-08
2346.95 5.93886e-08
2347.04 7.59988e-08
2347.14 7.59957e-08
2347.23 7.2668e-08
2347.32 7.19279e-08
2347.41 6.67301e-08
2347.51 5.06357e-08
2347.6 3.88189e-08
2347.69 4.24191e-08
2347.79 5.38768e-08
2347.88 6.36946e-08
2347.97 5.9228e-08
2348.06 4.50505e-08
2348.16 3.08859e-08
2348.25 3.9307e-08
2348.34 5.64993e-08
2348.44 5.4583e-08
2348.53 4.69266e-08
2348.62 5.87102e-08
2348.71 7.45569e-08
2348.81 7.74253e-08
2348.9 8.12143e-08
2348.99 8.34087e-08
2349.09 7.64477e-08
2349.18 6.96565e-08
2349.27 5.92504e-08
2349.37 5.36483e-08
2349.46 6.20904e-08
2349.55 7.28706e-08
2349.65 6.58727e-08
2349.74 4.09926e-08
2349.83 2.92816e-08
2349.93 4.14093e-08
2350.02 6.12218e-08
2350.11 7.36873e-08
2350.21 7.42103e-08
2350.3 6.12314e-08
2350.39 3.74726e-08
2350.48 2.64624e-08
2350.58 4.01166e-08
2350.67 5.32577e-08
2350.76 4.78139e-08
2350.86 3.30717e-08
2350.95 2.07554e-08
2351.04 2.90778e-08
2351.14 5.53415e-08
2351.23 7.52878e-08
2351.33 7.93462e-08
2351.42 7.4581e-08
2351.51 5.79482e-08
2351.61 3.03483e-08
2351.7 1.5663e-08
2351.79 2.80484e-08
2351.89 4.37813e-08
2351.98 4.31863e-08
2352.07 3.67879e-08
2352.17 3.98733e-08
2352.26 4.10773e-08
2352.35 2.68946e-08
2352.45 1.08572e-08
2352.54 4.891e-09
2352.63 1.3842e-08
2352.73 3.35299e-08
2352.82 5.39109e-08
2352.92 6.65525e-08
2353.01 7.26912e-08
2353.1 7.41046e-08
2353.2 6.17728e-08
2353.29 4.78021e-08
2353.38 3.88505e-08
2353.48 4.3319e-08
2353.57 3.96411e-08
2353.67 4.31594e-08
2353.76 6.01251e-08
2353.85 7.9198e-08
2353.95 8.3923e-08
2354.04 8.19352e-08
2354.13 8.12585e-08
2354.23 8.21961e-08
2354.32 8.25137e-08
2354.42 7.72276e-08
2354.51 7.43317e-08
2354.6 6.95005e-08
2354.7 6.90199e-08
2354.79 6.78645e-08
2354.89 6.33577e-08
2354.98 6.49478e-08
2355.07 7.43709e-08
2355.17 7.59038e-08
2355.26 7.26171e-08
2355.36 7.56663e-08
2355.45 8.20289e-08
2355.54 8.31791e-08
2355.64 8.12847e-08
2355.73 6.33387e-08
2355.83 3.8339e-08
2355.92 2.34386e-08
2356.01 2.45837e-08
2356.11 3.31388e-08
2356.2 3.88095e-08
2356.3 4.83678e-08
2356.39 6.6426e-08
2356.49 7.94471e-08
2356.58 8.53711e-08
2356.67 8.52482e-08
2356.77 7.45942e-08
2356.86 5.34824e-08
2356.96 4.71576e-08
2357.05 6.16302e-08
2357.15 7.42692e-08
2357.24 6.31848e-08
2357.33 5.53059e-08
2357.43 6.59123e-08
2357.52 8.01469e-08
2357.62 8.30047e-08
2357.71 8.40782e-08
2357.81 8.49639e-08
2357.9 7.81008e-08
2358 6.60729e-08
2358.09 6.26994e-08
2358.18 6.94272e-08
2358.28 6.28416e-08
2358.37 3.97965e-08
2358.47 2.07102e-08
2358.56 1.75468e-08
2358.66 2.09348e-08
2358.75 2.00455e-08
2358.85 1.38836e-08
2358.94 2.31602e-08
2359.04 4.8889e-08
2359.13 7.33032e-08
2359.22 8.34495e-08
2359.32 8.72646e-08
2359.41 8.91226e-08
2359.51 9.06148e-08
2359.6 9.24278e-08
2359.7 9.23735e-08
2359.79 9.16726e-08
2359.89 9.00569e-08
2359.98 8.8547e-08
2360.08 8.78223e-08
2360.17 8.75276e-08
2360.27 8.68186e-08
2360.36 8.76303e-08
2360.46 8.94973e-08
2360.55 9.16226e-08
2360.65 8.96171e-08
2360.74 8.62512e-08
2360.84 8.60106e-08
2360.93 8.7422e-08
2361.03 8.82305e-08
2361.12 9.00896e-08
2361.21 9.06279e-08
2361.31 8.96249e-08
2361.4 8.74853e-08
2361.5 7.53832e-08
2361.59 4.74624e-08
2361.69 3.30686e-08
2361.78 4.86418e-08
2361.88 6.75798e-08
2361.97 7.46895e-08
2362.07 8.25083e-08
2362.16 9.15655e-08
2362.26 9.19952e-08
2362.35 9.03481e-08
2362.45 8.66705e-08
2362.55 8.66998e-08
2362.64 8.55345e-08
2362.74 8.59018e-08
2362.83 8.88238e-08
2362.93 9.18347e-08
2363.02 9.14657e-08
2363.12 8.77555e-08
2363.21 8.26847e-08
2363.31 7.27527e-08
2363.4 6.27927e-08
2363.5 6.71677e-08
2363.59 7.91791e-08
2363.69 8.11231e-08
2363.78 7.175e-08
2363.88 4.60746e-08
2363.97 2.00658e-08
2364.07 2.14057e-08
2364.16 4.51135e-08
2364.26 6.76358e-08
2364.35 7.44941e-08
2364.45 6.46809e-08
2364.55 5.29278e-08
2364.64 6.16379e-08
2364.74 7.97582e-08
2364.83 8.08211e-08
2364.93 8.12928e-08
2365.02 8.6407e-08
2365.12 8.58919e-08
2365.21 8.33472e-08
2365.31 8.65347e-08
2365.41 8.86153e-08
2365.5 8.60902e-08
2365.6 8.69435e-08
2365.69 9.13377e-08
2365.79 9.35061e-08
2365.88 9.28909e-08
2365.98 9.2198e-08
2366.07 8.87404e-08
2366.17 7.0422e-08
2366.27 5.09739e-08
2366.36 5.75121e-08
2366.46 7.76222e-08
2366.55 8.27843e-08
2366.65 8.44805e-08
2366.74 8.65734e-08
2366.84 8.69315e-08
2366.94 8.41636e-08
2367.03 7.52726e-08
2367.13 5.5218e-08
2367.22 2.84498e-08
2367.32 2.25847e-08
2367.41 3.23779e-08
2367.51 3.21947e-08
2367.61 2.83934e-08
2367.7 3.36267e-08
2367.8 4.12503e-08
2367.89 6.01745e-08
2367.99 7.65695e-08
2368.09 7.99361e-08
2368.18 8.20978e-08
2368.28 8.2963e-08
2368.37 7.71724e-08
2368.47 6.35909e-08
2368.56 5.89634e-08
2368.66 6.08462e-08
2368.76 5.68096e-08
2368.85 4.26469e-08
2368.95 2.33017e-08
2369.05 2.24366e-08
2369.14 4.37811e-08
2369.24 5.9344e-08
2369.33 6.6125e-08
2369.43 7.5665e-08
2369.53 8.23117e-08
2369.62 8.22005e-08
2369.72 7.71911e-08
2369.81 6.64175e-08
2369.91 6.16763e-08
2370.01 5.64494e-08
2370.1 3.94802e-08
2370.2 2.83839e-08
2370.29 2.5557e-08
2370.39 1.61153e-08
2370.49 6.94705e-09
2370.58 5.07041e-09
2370.68 3.24931e-09
2370.78 6.12653e-09
2370.87 1.64512e-08
2370.97 2.47819e-08
2371.06 2.27516e-08
2371.16 1.49832e-08
2371.26 1.05883e-08
2371.35 5.19799e-09
2371.45 3.96741e-09
2371.55 5.90892e-09
2371.64 8.07063e-09
2371.74 1.27822e-08
2371.84 2.17625e-08
2371.93 3.42611e-08
2372.03 4.6915e-08
2372.13 4.55307e-08
2372.22 4.17687e-08
2372.32 5.12738e-08
2372.41 4.90703e-08
2372.51 4.49229e-08
2372.61 4.60711e-08
2372.7 4.53863e-08
2372.8 3.50574e-08
2372.9 3.16065e-08
2372.99 3.95472e-08
2373.09 5.44405e-08
2373.19 6.90329e-08
2373.28 7.46608e-08
2373.38 7.96449e-08
2373.48 8.04383e-08
2373.57 6.26121e-08
2373.67 5.18451e-08
2373.77 5.18311e-08
2373.86 5.87059e-08
2373.96 6.69951e-08
2374.06 7.74096e-08
2374.15 8.43891e-08
2374.25 8.60106e-08
2374.35 8.24677e-08
2374.44 7.77131e-08
2374.54 7.05842e-08
2374.64 7.14823e-08
2374.73 7.03925e-08
2374.83 6.74982e-08
2374.93 6.13677e-08
2375.03 6.61666e-08
2375.12 7.7206e-08
2375.22 7.79641e-08
2375.32 6.42104e-08
2375.41 6.14291e-08
2375.51 7.38957e-08
2375.61 8.28896e-08
2375.7 8.39774e-08
2375.8 8.39491e-08
2375.9 8.20026e-08
2375.99 7.59578e-08
2376.09 6.48937e-08
2376.19 5.5097e-08
2376.29 4.67131e-08
2376.38 3.11668e-08
2376.48 2.30508e-08
2376.58 2.21203e-08
2376.67 1.46882e-08
2376.77 1.52472e-08
2376.87 2.34973e-08
2376.97 3.45947e-08
2377.06 5.20894e-08
2377.16 5.78231e-08
2377.26 5.3372e-08
2377.35 4.88174e-08
2377.45 4.92505e-08
2377.55 5.13673e-08
2377.65 5.85216e-08
2377.74 6.73613e-08
2377.84 6.49772e-08
2377.94 5.19147e-08
2378.03 3.05709e-08
2378.13 1.19592e-08
2378.23 3.36503e-09
2378.33 5.20381e-09
2378.42 1.76963e-08
2378.52 3.91124e-08
2378.62 5.75935e-08
2378.72 6.79258e-08
2378.81 7.12319e-08
2378.91 7.30305e-08
2379.01 7.1917e-08
2379.1 7.27842e-08
2379.2 7.68562e-08
2379.3 7.97098e-08
2379.4 7.69867e-08
2379.49 6.78876e-08
2379.59 5.12996e-08
2379.69 3.59963e-08
2379.79 4.08912e-08
2379.88 4.84356e-08
2379.98 5.39302e-08
2380.08 5.83161e-08
2380.18 5.41084e-08
2380.27 5.66659e-08
2380.37 6.17786e-08
2380.47 4.56913e-08
2380.57 4.36924e-08
2380.67 5.80253e-08
2380.76 5.00594e-08
2380.86 3.48702e-08
2380.96 4.42458e-08
2381.06 6.70142e-08
2381.15 7.99652e-08
2381.25 8.31859e-08
2381.35 8.06549e-08
2381.45 8.07071e-08
2381.54 8.22017e-08
2381.64 8.27582e-08
2381.74 8.3208e-08
2381.84 8.42031e-08
2381.94 8.58622e-08
2382.03 8.52782e-08
2382.13 7.95486e-08
2382.23 7.17897e-08
2382.33 7.14229e-08
2382.42 7.2062e-08
2382.52 5.90737e-08
2382.62 4.6793e-08
2382.72 5.59329e-08
2382.82 7.01798e-08
2382.91 6.17395e-08
2383.01 4.18438e-08
2383.11 3.46363e-08
2383.21 3.11014e-08
2383.31 1.53269e-08
2383.4 5.34233e-09
2383.5 1.32399e-08
2383.6 3.08591e-08
2383.7 4.26849e-08
2383.8 3.91268e-08
2383.89 2.35292e-08
2383.99 8.13024e-09
2384.09 2.61668e-09
2384.19 8.36468e-09
2384.29 2.02492e-08
2384.38 2.37716e-08
2384.48 2.11565e-08
2384.58 2.83252e-08
2384.68 4.52376e-08
2384.78 5.65676e-08
2384.87 6.5459e-08
2384.97 7.18226e-08
2385.07 7.1626e-08
2385.17 7.2071e-08
2385.27 7.32018e-08
2385.36 6.93656e-08
2385.46 6.36483e-08
2385.56 6.18055e-08
2385.66 6.26219e-08
2385.76 5.45945e-08
2385.86 3.42005e-08
2385.95 1.31582e-08
2386.05 6.10542e-09
2386.15 1.4577e-08
2386.25 2.91566e-08
2386.35 3.33652e-08
2386.45 3.67105e-08
2386.54 4.30954e-08
2386.64 4.11723e-08
2386.74 3.54724e-08
2386.84 4.62933e-08
2386.94 6.76681e-08
2387.04 7.55943e-08
2387.13 7.59128e-08
2387.23 7.58672e-08
2387.33 6.9889e-08
2387.43 5.72814e-08
2387.53 4.73698e-08
2387.63 4.90073e-08
2387.73 5.51639e-08
2387.82 5.96313e-08
2387.92 4.80731e-08
2388.02 2.69632e-08
2388.12 9.37429e-09
2388.22 4.54434e-09
2388.32 1.45883e-08
2388.42 3.43068e-08
