299.569 6.71178e-10
299.634 6.95552e-10
299.699 7.338e-10
299.764 7.64497e-10
299.829 8.57661e-10
299.894 8.96844e-10
299.959 7.68565e-10
300.024 6.9254e-10
300.089 5.87395e-10
300.154 6.02168e-10
300.219 5.19851e-10
300.284 6.08143e-10
300.349 5.95845e-10
300.414 8.65571e-10
300.479 7.66396e-10
300.544 7.4052e-10
300.609 7.72881e-10
300.674 8.97409e-10
300.739 8.49483e-10
300.804 8.68915e-10
300.869 7.56868e-10
300.934 7.69257e-10
300.999 8.48492e-10
301.064 9.04783e-10
301.129 9.37192e-10
301.194 1.0905e-09
301.259 1.03959e-09
301.324 1.07848e-09
301.389 1.09488e-09
301.454 1.21224e-09
301.519 1.22837e-09
301.584 1.28248e-09
301.649 1.17727e-09
301.714 1.12229e-09
301.779 1.05039e-09
301.844 1.02349e-09
301.909 8.78473e-10
301.974 8.01593e-10
302.039 5.6279e-10
302.104 6.82443e-10
302.169 9.6631e-10
302.234 9.56599e-10
302.299 9.15892e-10
302.363 1.07963e-09
302.428 1.08411e-09
302.493 1.17001e-09
302.558 1.30625e-09
302.623 1.37259e-09
302.688 1.41414e-09
302.753 1.59645e-09
302.818 1.50854e-09
302.883 1.86559e-09
302.948 1.81361e-09
303.013 1.85603e-09
303.078 1.83576e-09
303.143 1.90109e-09
303.208 1.87891e-09
303.273 2.1096e-09
303.338 2.14009e-09
303.403 2.13112e-09
303.468 2.36228e-09
303.533 2.48892e-09
303.598 2.138e-09
303.663 2.06453e-09
303.728 1.94112e-09
303.793 1.94626e-09
303.858 1.88442e-09
303.923 1.71575e-09
303.988 1.86059e-09
304.053 1.88436e-09
304.118 1.8486e-09
304.183 2.12354e-09
304.248 1.96804e-09
304.313 2.16496e-09
304.378 2.21676e-09
304.443 2.41133e-09
304.508 2.72312e-09
304.573 2.83435e-09
304.638 2.62628e-09
304.703 2.48781e-09
304.768 2.48064e-09
304.833 2.76227e-09
304.898 2.72879e-09
304.963 2.71643e-09
305.028 3.12616e-09
305.093 3.50213e-09
305.158 4.17899e-09
305.223 4.20597e-09
305.288 3.98242e-09
305.353 4.01823e-09
305.418 4.11412e-09
305.483 4.22304e-09
305.548 3.87961e-09
305.613 3.42896e-09
305.678 3.11416e-09
305.743 2.98159e-09
305.808 2.96965e-09
305.873 2.81794e-09
305.938 2.60689e-09
306.003 3.05212e-09
306.068 3.36725e-09
306.133 3.90172e-09
306.198 4.01703e-09
306.263 4.33898e-09
306.328 4.07821e-09
306.393 4.28686e-09
306.458 4.22059e-09
306.523 3.94785e-09
306.588 3.85909e-09
306.653 3.64604e-09
306.718 4.10299e-09
306.783 4.28739e-09
306.848 4.65139e-09
306.913 5.05003e-09
306.977 5.51428e-09
307.042 6.17178e-09
307.107 6.16301e-09
307.172 6.79404e-09
307.237 6.95702e-09
307.302 7.26567e-09
307.367 7.09947e-09
307.432 6.78495e-09
307.497 6.94893e-09
307.562 7.68242e-09
307.627 7.79864e-09
307.692 7.75806e-09
307.757 7.47582e-09
307.822 7.96806e-09
307.887 8.38768e-09
307.952 8.57765e-09
308.017 8.18716e-09
308.082 7.69841e-09
308.147 7.71275e-09
308.212 7.63242e-09
308.277 7.63747e-09
308.342 8.2182e-09
308.407 8.5589e-09
308.472 9.18662e-09
308.537 9.73843e-09
308.602 9.96401e-09
308.667 1.00284e-08
308.732 1.00595e-08
308.797 9.50138e-09
308.862 9.15199e-09
308.927 8.75045e-09
308.992 8.39137e-09
309.057 8.53799e-09
309.122 8.27724e-09
309.187 7.73122e-09
309.252 7.38939e-09
309.317 7.69917e-09
309.382 8.70332e-09
309.447 9.64353e-09
309.512 9.98479e-09
309.577 9.94576e-09
309.642 1.11331e-08
309.707 1.19608e-08
309.772 1.24541e-08
309.837 1.16659e-08
309.902 1.0329e-08
309.967 9.93305e-09
310.032 9.96633e-09
310.097 9.70267e-09
310.162 9.97855e-09
310.227 1.03113e-08
310.292 1.16648e-08
310.357 1.34662e-08
310.422 1.48018e-08
310.487 1.66004e-08
310.552 1.82803e-08
310.617 1.92922e-08
310.682 2.00266e-08
310.747 2.09732e-08
310.812 2.16367e-08
310.877 2.21083e-08
310.942 2.21061e-08
311.007 2.27323e-08
311.072 2.26629e-08
311.137 2.2874e-08
311.202 2.25946e-08
311.266 2.19977e-08
311.331 2.14486e-08
311.396 2.25408e-08
311.461 2.28288e-08
311.526 2.26073e-08
311.591 2.17604e-08
311.656 2.13116e-08
311.721 2.14211e-08
311.786 2.20999e-08
311.851 2.16089e-08
311.916 2.08822e-08
311.981 2.12268e-08
312.046 2.14803e-08
312.111 2.17326e-08
312.176 2.27553e-08
312.241 2.39496e-08
312.306 2.60965e-08
312.371 2.67832e-08
312.436 2.69941e-08
312.501 2.77415e-08
312.566 2.8808e-08
312.631 2.96661e-08
312.696 2.95506e-08
312.761 2.86935e-08
312.826 2.97196e-08
312.891 3.10335e-08
312.956 3.13484e-08
313.021 3.18404e-08
313.086 3.12976e-08
313.151 3.07149e-08
313.216 3.08978e-08
313.281 2.91866e-08
313.346 2.81856e-08
313.411 2.87482e-08
313.476 2.79279e-08
313.541 2.77885e-08
313.606 2.85647e-08
313.671 2.99355e-08
313.736 3.20381e-08
313.801 3.45146e-08
313.866 3.48265e-08
313.931 3.67036e-08
313.996 3.89749e-08
314.061 4.07777e-08
314.126 4.13047e-08
314.191 4.01529e-08
314.256 3.64796e-08
314.321 3.40176e-08
314.386 3.27507e-08
314.451 3.1744e-08
314.516 3.14278e-08
314.581 3.09332e-08
314.646 3.12891e-08
314.711 3.52734e-08
314.776 4.06142e-08
314.841 4.3944e-08
314.906 4.49352e-08
314.971 4.53851e-08
315.036 4.65145e-08
315.101 4.79463e-08
315.166 4.8561e-08
315.231 4.72891e-08
315.296 4.57068e-08
315.361 4.46512e-08
315.426 4.33139e-08
315.491 4.21924e-08
315.556 3.98009e-08
315.621 3.66749e-08
315.686 3.3836e-08
315.75 3.16286e-08
315.815 3.0745e-08
315.88 3.02731e-08
315.945 2.92069e-08
316.01 2.88001e-08
316.075 3.07976e-08
316.14 3.34527e-08
316.205 3.76088e-08
316.27 4.11583e-08
316.335 4.20238e-08
316.4 4.51081e-08
316.465 4.8366e-08
316.53 4.96464e-08
316.595 5.3233e-08
316.66 5.41341e-08
316.725 5.29997e-08
316.79 5.41009e-08
316.855 5.58491e-08
316.92 5.67766e-08
316.985 6.08141e-08
317.05 6.04831e-08
317.115 6.16411e-08
317.18 6.5263e-08
317.245 6.76675e-08
317.31 6.86525e-08
317.375 6.71307e-08
317.44 6.55636e-08
317.505 6.57369e-08
317.57 6.57194e-08
317.635 6.31699e-08
317.7 6.15019e-08
317.765 5.84261e-08
317.83 5.5707e-08
317.895 5.3287e-08
317.96 5.08394e-08
318.025 4.61932e-08
318.09 4.4362e-08
318.155 4.47661e-08
318.22 4.57474e-08
318.285 4.92786e-08
318.35 5.19248e-08
318.415 5.41654e-08
318.48 5.93668e-08
318.545 6.17566e-08
318.61 6.44867e-08
318.675 6.79452e-08
318.74 6.98433e-08
318.805 7.62923e-08
318.87 8.17755e-08
318.935 8.12013e-08
319 8.13348e-08
319.065 7.9371e-08
319.13 7.4339e-08
319.195 7.08506e-08
319.26 6.42183e-08
319.325 5.81971e-08
319.389 5.61821e-08
319.454 5.53789e-08
319.519 5.54019e-08
319.584 5.75148e-08
319.649 6.22768e-08
319.714 6.62676e-08
319.779 6.98922e-08
319.844 7.00283e-08
319.909 6.86944e-08
319.974 6.94757e-08
320.039 7.41835e-08
320.104 7.31594e-08
320.169 7.16931e-08
320.234 7.1669e-08
320.299 7.68402e-08
320.364 8.40627e-08
320.429 8.55776e-08
320.494 8.8016e-08
320.559 9.18469e-08
320.624 9.61897e-08
320.689 9.66392e-08
320.754 9.44174e-08
320.819 9.1603e-08
320.884 9.17049e-08
320.949 8.79289e-08
321.014 8.41037e-08
321.079 7.81099e-08
321.144 7.56436e-08
321.209 7.3642e-08
321.274 7.0004e-08
321.339 6.83268e-08
321.404 7.01354e-08
321.469 7.23565e-08
321.534 7.58902e-08
321.599 7.42597e-08
321.664 7.81429e-08
321.729 8.50037e-08
321.793 8.83846e-08
321.858 8.58711e-08
321.923 8.57346e-08
321.988 8.61101e-08
322.053 8.53672e-08
322.118 8.14361e-08
322.183 7.59139e-08
322.248 7.48134e-08
322.313 7.80248e-08
322.378 7.63263e-08
322.443 7.08725e-08
322.508 7.07809e-08
322.573 7.06637e-08
322.638 7.00128e-08
322.703 6.59366e-08
322.768 6.10633e-08
322.833 5.78378e-08
322.898 5.93563e-08
322.963 6.1863e-08
323.028 6.53678e-08
323.093 7.07837e-08
323.158 7.52589e-08
323.223 7.94589e-08
323.288 8.18761e-08
323.353 8.3381e-08
323.418 8.60628e-08
323.483 8.61723e-08
323.547 8.18379e-08
323.612 8.41794e-08
323.677 8.6522e-08
323.742 9.051e-08
323.807 9.15036e-08
323.872 9.28984e-08
323.937 9.68896e-08
324.002 1.03518e-07
324.067 1.03055e-07
324.132 1.02936e-07
324.197 1.01548e-07
324.262 1.04204e-07
324.327 1.04112e-07
324.392 1.03984e-07
324.457 1.02871e-07
324.522 1.0698e-07
324.587 1.03708e-07
324.652 9.93466e-08
324.717 9.71215e-08
324.781 9.46779e-08
324.846 9.06392e-08
324.911 8.71067e-08
324.976 8.13702e-08
325.041 8.24654e-08
325.106 8.64733e-08
325.171 8.99201e-08
325.236 9.3771e-08
325.301 9.31713e-08
325.366 9.78184e-08
325.431 1.04946e-07
325.496 1.08619e-07
325.561 1.12465e-07
325.626 1.14721e-07
325.691 1.17883e-07
325.756 1.26231e-07
325.821 1.31754e-07
325.885 1.32343e-07
325.95 1.36084e-07
326.015 1.36141e-07
326.08 1.38511e-07
326.145 1.43584e-07
326.21 1.43832e-07
326.275 1.41719e-07
326.34 1.37652e-07
326.405 1.34337e-07
326.47 1.34846e-07
326.535 1.3923e-07
326.6 1.38562e-07
326.665 1.40432e-07
326.729 1.42258e-07
326.794 1.47186e-07
326.859 1.49999e-07
326.924 1.50209e-07
326.989 1.43837e-07
327.054 1.3764e-07
327.119 1.3472e-07
327.184 1.33255e-07
327.249 1.3053e-07
327.314 1.29329e-07
327.379 1.3029e-07
327.444 1.35644e-07
327.508 1.36391e-07
327.573 1.35504e-07
327.638 1.31247e-07
327.703 1.29561e-07
327.768 1.26604e-07
327.833 1.20342e-07
327.898 1.14079e-07
327.963 1.15112e-07
328.028 1.165e-07
328.093 1.15326e-07
328.158 1.12654e-07
328.222 1.15894e-07
328.287 1.21339e-07
328.352 1.24615e-07
328.417 1.23672e-07
328.482 1.24896e-07
328.547 1.21313e-07
328.612 1.21257e-07
328.677 1.21142e-07
328.742 1.1896e-07
328.806 1.21397e-07
328.871 1.28572e-07
328.936 1.32182e-07
329.001 1.41487e-07
329.066 1.49241e-07
329.131 1.53858e-07
329.196 1.61945e-07
329.261 1.67029e-07
329.326 1.66121e-07
329.39 1.6479e-07
329.455 1.65391e-07
329.52 1.67608e-07
329.585 1.71543e-07
329.65 1.72222e-07
329.715 1.67155e-07
329.78 1.64434e-07
329.845 1.66756e-07
329.909 1.72597e-07
329.974 1.76599e-07
330.039 1.76949e-07
330.104 1.68816e-07
330.169 1.66318e-07
330.234 1.63911e-07
330.299 1.61915e-07
330.363 1.5104e-07
330.428 1.418e-07
330.493 1.29863e-07
330.558 1.27646e-07
330.623 1.28271e-07
330.688 1.29284e-07
330.753 1.26982e-07
330.817 1.28105e-07
330.882 1.27469e-07
330.947 1.3327e-07
331.012 1.38757e-07
331.077 1.38882e-07
331.142 1.33464e-07
331.206 1.3261e-07
331.271 1.28395e-07
331.336 1.24173e-07
331.401 1.21713e-07
331.466 1.18657e-07
331.531 1.2065e-07
331.595 1.21152e-07
331.66 1.20616e-07
331.725 1.24391e-07
331.79 1.275e-07
