2300.49 7.57977e-08
2300.57 7.35734e-08
2300.66 6.69971e-08
2300.74 5.93728e-08
2300.82 6.17544e-08
2300.91 6.81717e-08
2300.99 7.68477e-08
2301.07 8.11986e-08
2301.16 8.53985e-08
2301.24 9.0605e-08
2301.32 9.65935e-08
2301.41 9.93789e-08
2301.49 9.75573e-08
2301.57 9.53907e-08
2301.66 9.63093e-08
2301.74 9.45143e-08
2301.83 9.3571e-08
2301.91 9.63942e-08
2301.99 1.00942e-07
2302.08 9.40322e-08
2302.16 8.02755e-08
2302.24 7.52366e-08
2302.33 8.38676e-08
2302.41 9.24183e-08
2302.5 9.52149e-08
2302.58 8.78173e-08
2302.66 7.74732e-08
2302.75 7.11671e-08
2302.83 7.58026e-08
2302.92 8.71656e-08
2303 9.45733e-08
2303.08 9.49118e-08
2303.17 9.43145e-08
2303.25 9.51168e-08
2303.34 9.13415e-08
2303.42 8.34734e-08
2303.5 7.1592e-08
2303.59 5.98464e-08
2303.67 5.91688e-08
2303.76 6.21564e-08
2303.84 6.15486e-08
2303.93 6.32326e-08
2304.01 7.58046e-08
2304.09 8.85647e-08
2304.18 9.29047e-08
2304.26 9.13222e-08
2304.35 7.75495e-08
2304.43 5.70923e-08
2304.52 5.31799e-08
2304.6 6.48788e-08
2304.68 7.67328e-08
2304.77 8.19667e-08
2304.85 8.21898e-08
2304.94 7.59342e-08
2305.02 7.96341e-08
2305.11 9.09634e-08
2305.19 1.0212e-07
2305.28 1.03065e-07
2305.36 9.51473e-08
2305.45 7.69618e-08
2305.53 6.72104e-08
2305.61 7.39339e-08
2305.7 8.67784e-08
2305.78 9.3135e-08
2305.87 9.5279e-08
2305.95 9.19672e-08
2306.04 8.28197e-08
2306.12 8.16601e-08
2306.21 8.95097e-08
2306.29 9.46051e-08
2306.38 9.44284e-08
2306.46 9.08958e-08
2306.55 8.06301e-08
2306.63 7.56165e-08
2306.72 8.309e-08
2306.8 9.36372e-08
2306.89 9.43329e-08
2306.97 9.26038e-08
2307.06 9.45037e-08
2307.14 9.81783e-08
2307.23 1.02767e-07
2307.31 1.02019e-07
2307.4 9.09515e-08
2307.48 6.71505e-08
2307.57 4.89234e-08
2307.65 5.0885e-08
2307.74 7.31364e-08
2307.82 9.1622e-08
2307.91 9.79928e-08
2307.99 9.50011e-08
2308.08 9.16967e-08
2308.16 9.35162e-08
2308.25 9.81475e-08
2308.33 9.67678e-08
2308.42 9.59906e-08
2308.5 9.97198e-08
2308.59 1.04354e-07
2308.68 1.02897e-07
2308.76 9.86692e-08
2308.85 9.42624e-08
2308.93 8.98502e-08
2309.02 8.89672e-08
2309.1 9.23832e-08
2309.19 9.94644e-08
2309.27 1.00158e-07
2309.36 9.09301e-08
2309.44 8.35048e-08
2309.53 8.54473e-08
2309.62 9.07337e-08
2309.7 8.93077e-08
2309.79 9.1923e-08
2309.87 9.79729e-08
2309.96 9.30442e-08
2310.04 8.77989e-08
2310.13 9.02286e-08
2310.22 9.83996e-08
2310.3 1.02038e-07
2310.39 1.03715e-07
2310.47 1.05036e-07
2310.56 1.06561e-07
2310.64 1.06857e-07
2310.73 1.05843e-07
2310.82 1.05837e-07
2310.9 1.06285e-07
2310.99 1.07105e-07
2311.07 1.07565e-07
2311.16 1.06549e-07
2311.25 1.05487e-07
2311.33 1.05198e-07
2311.42 1.06115e-07
2311.5 1.05318e-07
2311.59 1.01307e-07
2311.68 9.81012e-08
2311.76 9.88406e-08
2311.85 1.02398e-07
2311.93 1.01755e-07
2312.02 1.0086e-07
2312.11 9.09644e-08
2312.19 8.05355e-08
2312.28 8.33013e-08
2312.36 9.62199e-08
2312.45 1.03464e-07
2312.54 1.04837e-07
2312.62 1.06487e-07
2312.71 1.06952e-07
2312.8 1.06792e-07
2312.88 1.06552e-07
2312.97 1.07031e-07
2313.05 1.06956e-07
2313.14 1.06752e-07
2313.23 1.06789e-07
2313.31 1.06876e-07
2313.4 1.06656e-07
2313.49 1.06371e-07
2313.57 1.05154e-07
2313.66 1.04515e-07
2313.75 1.03749e-07
2313.83 1.04537e-07
2313.92 1.05954e-07
2314.01 1.06412e-07
2314.09 1.06116e-07
2314.18 1.05765e-07
2314.27 1.0639e-07
2314.35 1.06252e-07
2314.44 1.06501e-07
2314.53 1.06703e-07
2314.61 1.0518e-07
2314.7 1.03079e-07
2314.79 1.01082e-07
2314.87 9.91454e-08
2314.96 9.38703e-08
2315.05 8.93195e-08
2315.13 9.14634e-08
2315.22 9.85552e-08
2315.31 1.02598e-07
2315.39 1.03778e-07
2315.48 1.03663e-07
2315.57 1.03315e-07
2315.65 1.01675e-07
2315.74 9.41488e-08
2315.83 8.46819e-08
2315.91 7.61492e-08
2316 6.75571e-08
2316.09 5.95963e-08
2316.18 5.51245e-08
2316.26 5.58782e-08
2316.35 6.14804e-08
2316.44 6.16011e-08
2316.52 5.44018e-08
2316.61 4.19046e-08
2316.7 3.62574e-08
2316.79 3.36689e-08
2316.87 3.04084e-08
2316.96 2.37623e-08
2317.05 2.28494e-08
2317.13 2.22347e-08
2317.22 2.47417e-08
2317.31 2.9096e-08
2317.4 4.41099e-08
2317.48 5.77647e-08
2317.57 6.34608e-08
2317.66 5.12446e-08
2317.75 3.90749e-08
2317.83 3.41844e-08
2317.92 3.58184e-08
2318.01 4.02732e-08
2318.09 4.61476e-08
2318.18 4.95195e-08
2318.27 5.02034e-08
2318.36 5.56526e-08
2318.44 5.72036e-08
2318.53 5.1368e-08
2318.62 4.59692e-08
2318.71 5.15463e-08
2318.79 6.10729e-08
2318.88 7.47118e-08
2318.97 8.06282e-08
2319.06 7.84531e-08
2319.15 7.05321e-08
2319.23 6.90468e-08
2319.32 7.42471e-08
2319.41 8.13933e-08
2319.5 7.57766e-08
2319.58 6.44977e-08
2319.67 6.45439e-08
2319.76 7.41382e-08
2319.85 7.34324e-08
2319.94 6.90085e-08
2320.02 7.4297e-08
2320.11 8.38009e-08
2320.2 8.37241e-08
2320.29 7.83268e-08
2320.37 7.63404e-08
2320.46 8.06389e-08
2320.55 8.62031e-08
2320.64 8.18958e-08
2320.73 7.24079e-08
2320.81 6.736e-08
2320.9 7.08746e-08
2320.99 7.75369e-08
2321.08 8.3524e-08
2321.17 8.55787e-08
2321.25 9.10554e-08
2321.34 9.3625e-08
2321.43 8.60019e-08
2321.52 7.82513e-08
2321.61 8.02853e-08
2321.69 8.43431e-08
2321.78 7.52725e-08
2321.87 5.23263e-08
2321.96 3.17386e-08
2322.05 3.33945e-08
2322.14 5.45017e-08
2322.22 7.69513e-08
2322.31 8.9244e-08
2322.4 9.00466e-08
2322.49 7.72418e-08
2322.58 5.56832e-08
2322.67 3.87015e-08
2322.75 4.28954e-08
2322.84 6.02465e-08
2322.93 7.17694e-08
2323.02 7.19883e-08
2323.11 5.97546e-08
2323.2 4.38152e-08
2323.28 3.70832e-08
2323.37 5.3653e-08
2323.46 7.66412e-08
2323.55 8.86769e-08
2323.64 8.90857e-08
2323.73 8.43019e-08
2323.82 7.36508e-08
2323.9 6.51334e-08
2323.99 6.81048e-08
2324.08 7.91104e-08
2324.17 8.70551e-08
2324.26 9.16244e-08
2324.35 9.33261e-08
2324.44 9.31576e-08
2324.53 9.31492e-08
2324.61 9.48296e-08
2324.7 9.73763e-08
2324.79 9.52364e-08
2324.88 9.16028e-08
2324.97 9.15974e-08
2325.06 9.30267e-08
2325.15 9.03109e-08
2325.24 8.57355e-08
2325.32 7.45075e-08
2325.41 6.50142e-08
2325.5 6.43574e-08
2325.59 6.86627e-08
2325.68 6.84456e-08
2325.77 7.70248e-08
2325.86 8.89603e-08
2325.95 9.84042e-08
2326.04 9.91876e-08
2326.13 9.78076e-08
2326.21 9.41499e-08
2326.3 8.82818e-08
2326.39 7.65949e-08
2326.48 7.11395e-08
2326.57 7.60726e-08
2326.66 8.50339e-08
2326.75 8.81326e-08
2326.84 8.70139e-08
2326.93 8.79986e-08
2327.02 9.31608e-08
2327.11 9.7119e-08
2327.2 9.86562e-08
2327.28 9.76366e-08
2327.37 9.62078e-08
2327.46 9.48862e-08
2327.55 9.45957e-08
2327.64 9.21414e-08
2327.73 9.04988e-08
2327.82 8.90421e-08
2327.91 9.04018e-08
2328 9.19422e-08
2328.09 9.45271e-08
2328.18 9.47464e-08
2328.27 9.43825e-08
2328.36 8.8088e-08
2328.45 6.49989e-08
2328.54 3.66958e-08
2328.63 3.51129e-08
2328.72 6.10687e-08
2328.8 8.2795e-08
2328.89 8.87277e-08
2328.98 8.5562e-08
2329.07 7.94951e-08
2329.16 8.05108e-08
2329.25 8.13094e-08
2329.34 7.47647e-08
2329.43 7.60612e-08
2329.52 8.25699e-08
2329.61 8.35745e-08
2329.7 8.61326e-08
2329.79 9.46237e-08
2329.88 9.87174e-08
2329.97 9.98992e-08
2330.06 9.89732e-08
2330.15 9.43013e-08
2330.24 9.06124e-08
2330.33 9.23915e-08
2330.42 9.61209e-08
2330.51 9.29798e-08
2330.6 8.60475e-08
2330.69 8.48966e-08
2330.78 8.5229e-08
2330.87 7.53416e-08
2330.96 7.20116e-08
2331.05 7.75719e-08
2331.14 7.71926e-08
2331.23 7.25435e-08
2331.32 7.96672e-08
2331.41 8.94538e-08
2331.5 8.85382e-08
2331.59 7.40103e-08
2331.68 5.45252e-08
2331.77 4.7199e-08
2331.86 5.6851e-08
2331.95 6.87115e-08
2332.04 7.83206e-08
2332.13 8.02734e-08
2332.22 7.24329e-08
2332.31 7.1358e-08
2332.4 7.98844e-08
2332.49 8.84608e-08
2332.58 8.72033e-08
2332.67 8.28859e-08
2332.76 8.07419e-08
2332.85 7.68459e-08
2332.94 7.78408e-08
2333.03 8.77731e-08
2333.12 9.50929e-08
2333.21 9.58632e-08
2333.3 9.49736e-08
2333.39 9.33065e-08
2333.49 9.23669e-08
2333.58 8.84885e-08
2333.67 8.47918e-08
2333.76 8.40281e-08
2333.85 8.50495e-08
2333.94 7.32306e-08
2334.03 6.3752e-08
2334.12 6.95242e-08
2334.21 8.43419e-08
2334.3 8.87373e-08
2334.39 8.42016e-08
2334.48 7.75859e-08
2334.57 7.89111e-08
2334.66 8.46057e-08
2334.75 8.15927e-08
2334.84 6.72479e-08
2334.93 5.75416e-08
2335.02 5.7798e-08
2335.12 5.89198e-08
2335.21 6.11502e-08
2335.3 7.19182e-08
2335.39 8.1868e-08
2335.48 8.11276e-08
2335.57 7.9963e-08
2335.66 8.62408e-08
2335.75 9.11128e-08
2335.84 8.71629e-08
2335.93 7.47986e-08
2336.02 6.15853e-08
2336.11 5.54526e-08
2336.21 6.15291e-08
2336.3 7.23315e-08
2336.39 8.28282e-08
2336.48 8.94017e-08
2336.57 8.75601e-08
2336.66 8.39767e-08
2336.75 8.27307e-08
2336.84 8.13758e-08
2336.93 7.9964e-08
2337.02 8.71046e-08
2337.12 9.23192e-08
2337.21 9.16377e-08
2337.3 9.07561e-08
2337.39 8.4455e-08
2337.48 8.26154e-08
2337.57 8.65208e-08
2337.66 8.93188e-08
2337.75 8.81778e-08
2337.84 8.62419e-08
2337.94 8.26916e-08
2338.03 8.23562e-08
2338.12 7.47897e-08
2338.21 5.68858e-08
2338.3 4.52916e-08
2338.39 5.18349e-08
2338.48 6.3091e-08
2338.57 5.89092e-08
2338.67 5.37621e-08
2338.76 5.27943e-08
2338.85 4.67356e-08
2338.94 4.53415e-08
2339.03 5.72745e-08
2339.12 6.93373e-08
2339.21 7.73532e-08
2339.31 8.43408e-08
2339.4 8.36103e-08
2339.49 7.35207e-08
2339.58 6.37291e-08
2339.67 6.37786e-08
2339.76 6.65973e-08
2339.85 5.58004e-08
2339.95 3.69043e-08
2340.04 2.94837e-08
2340.13 3.2464e-08
2340.22 4.16272e-08
2340.31 3.9375e-08
2340.4 3.18083e-08
2340.5 4.38874e-08
2340.59 6.70186e-08
2340.68 7.55359e-08
2340.77 7.1501e-08
2340.86 6.63086e-08
2340.95 6.11626e-08
2341.05 4.88196e-08
2341.14 3.48965e-08
2341.23 3.53967e-08
2341.32 4.35948e-08
2341.41 4.61802e-08
2341.51 4.80813e-08
2341.6 5.82988e-08
2341.69 6.68306e-08
2341.78 7.35051e-08
2341.87 7.2724e-08
2341.96 5.47417e-08
2342.06 2.9893e-08
2342.15 3.27584e-08
2342.24 5.99574e-08
2342.33 7.92474e-08
2342.42 7.83177e-08
2342.52 6.77284e-08
2342.61 7.03872e-08
