267.243 6.50179e-11
267.308 8.48522e-11
267.374 7.9022e-11
267.439 7.83444e-11
267.504 8.11792e-11
267.569 8.56171e-11
267.634 8.47257e-11
267.699 8.04215e-11
267.764 7.4704e-11
267.829 7.30846e-11
267.894 7.06515e-11
267.959 7.10158e-11
268.024 6.96206e-11
268.089 7.28197e-11
268.154 6.76378e-11
268.219 7.92902e-11
268.284 7.75141e-11
268.349 7.80187e-11
268.414 8.09128e-11
268.479 7.21834e-11
268.544 7.37902e-11
268.609 8.31965e-11
268.675 7.20457e-11
268.74 7.88822e-11
268.805 8.54815e-11
268.87 8.01342e-11
268.935 8.15252e-11
269 7.82613e-11
269.065 6.84129e-11
269.13 6.97166e-11
269.195 7.23611e-11
269.26 8.16205e-11
269.325 8.28979e-11
269.39 9.13371e-11
269.455 8.50594e-11
269.52 6.02687e-11
269.585 7.34099e-11
269.651 7.64049e-11
269.716 7.75395e-11
269.781 7.27344e-11
269.846 7.83971e-11
269.911 8.86742e-11
269.976 8.65376e-11
270.041 9.52931e-11
270.106 8.78185e-11
270.171 9.4645e-11
270.236 9.87243e-11
270.301 9.86477e-11
270.366 9.1877e-11
270.431 9.14018e-11
270.497 8.38337e-11
270.562 9.37991e-11
270.627 7.73568e-11
270.692 9.12919e-11
270.757 8.52056e-11
270.822 8.27052e-11
270.887 8.17496e-11
270.952 8.61115e-11
271.017 7.7949e-11
271.082 7.81618e-11
271.147 8.02451e-11
271.212 8.60029e-11
271.278 9.66771e-11
271.343 8.43719e-11
271.408 8.26617e-11
271.473 7.80925e-11
271.538 8.4532e-11
271.603 7.78928e-11
271.668 7.02124e-11
271.733 6.81111e-11
271.798 6.62361e-11
271.863 6.00322e-11
271.928 5.05825e-11
271.994 4.5947e-11
272.059 5.25191e-11
272.124 5.01075e-11
272.189 5.27519e-11
272.254 5.46872e-11
272.319 5.47005e-11
272.384 5.56782e-11
272.449 6.92595e-11
272.514 7.67294e-11
272.579 6.50233e-11
272.644 6.39829e-11
272.71 6.57673e-11
272.775 6.59942e-11
272.84 8.16531e-11
272.905 8.24126e-11
272.97 8.22263e-11
273.035 8.71809e-11
273.1 8.99964e-11
273.165 8.71471e-11
273.23 8.4947e-11
273.295 7.18917e-11
273.361 6.8457e-11
273.426 7.24412e-11
273.491 7.13354e-11
273.556 6.04716e-11
273.621 6.62471e-11
273.686 5.58522e-11
273.751 5.04571e-11
273.816 5.33886e-11
273.881 5.38221e-11
273.946 4.91993e-11
274.012 5.60608e-11
274.077 5.53109e-11
274.142 5.61235e-11
274.207 5.24326e-11
274.272 5.02686e-11
274.337 4.44849e-11
274.402 5.50177e-11
274.467 4.82353e-11
274.532 3.24119e-11
274.597 4.48943e-11
274.663 4.76897e-11
274.728 5.14262e-11
274.793 4.50918e-11
274.858 4.09531e-11
274.923 4.6032e-11
274.988 5.24342e-11
275.053 4.79857e-11
275.118 5.6097e-11
275.183 5.43912e-11
275.248 6.13375e-11
275.314 5.63787e-11
275.379 6.99506e-11
275.444 6.0846e-11
275.509 6.35315e-11
275.574 6.29976e-11
275.639 5.31493e-11
275.704 6.94221e-11
275.769 7.27405e-11
275.834 8.73277e-11
275.899 8.64375e-11
275.965 8.69057e-11
276.03 9.69131e-11
276.095 9.57799e-11
276.16 9.44525e-11
276.225 8.28516e-11
276.29 7.73905e-11
276.355 9.23302e-11
276.42 9.06391e-11
276.485 9.61219e-11
276.551 9.58497e-11
276.616 1.05124e-10
276.681 1.09436e-10
276.746 1.01559e-10
276.811 9.54615e-11
276.876 1.02474e-10
276.941 9.85807e-11
277.006 9.70343e-11
277.071 1.03018e-10
277.136 9.41748e-11
277.202 1.09722e-10
277.267 9.99705e-11
277.332 1.07109e-10
277.397 1.15736e-10
277.462 1.05907e-10
277.527 1.00439e-10
277.592 1.01807e-10
277.657 1.03808e-10
277.722 8.73315e-11
277.787 8.49227e-11
277.853 7.81656e-11
277.918 6.87207e-11
277.983 7.23074e-11
278.048 7.09009e-11
278.113 7.08737e-11
278.178 7.35619e-11
278.243 6.58509e-11
278.308 7.07015e-11
278.373 7.09903e-11
278.438 6.38921e-11
278.504 6.98604e-11
278.569 6.7038e-11
278.634 6.47949e-11
278.699 6.39423e-11
278.764 6.77093e-11
278.829 6.50852e-11
278.894 6.0922e-11
278.959 5.91245e-11
279.024 5.04093e-11
279.089 4.56841e-11
279.155 4.47192e-11
279.22 3.90837e-11
279.285 4.47905e-11
279.35 3.81017e-11
279.415 3.54144e-11
279.48 2.59883e-11
279.545 3.75889e-11
279.61 3.74176e-11
279.675 3.57378e-11
279.74 3.02037e-11
279.805 3.38564e-11
279.871 4.23862e-11
279.936 2.54758e-11
280.001 2.87285e-11
280.066 3.25862e-11
280.131 3.86378e-11
280.196 3.95281e-11
280.261 4.00289e-11
280.326 3.6577e-11
280.391 3.70601e-11
280.456 3.11011e-11
280.522 4.04869e-11
280.587 5.51895e-11
280.652 5.83025e-11
280.717 5.31736e-11
280.782 4.96611e-11
280.847 5.79041e-11
280.912 6.68233e-11
280.977 6.61114e-11
281.042 6.49438e-11
281.107 7.41302e-11
281.172 7.94397e-11
281.237 8.9221e-11
281.303 7.64564e-11
281.368 8.76853e-11
281.433 9.51636e-11
281.498 1.00046e-10
281.563 1.01681e-10
281.628 1.05922e-10
281.693 1.06674e-10
281.758 1.1297e-10
281.823 1.14335e-10
281.888 1.30058e-10
281.953 1.21531e-10
282.019 1.28076e-10
282.084 1.36357e-10
282.149 1.31217e-10
282.214 1.40377e-10
282.279 1.36519e-10
282.344 1.36893e-10
282.409 1.42313e-10
282.474 1.43351e-10
282.539 1.37975e-10
282.604 1.34551e-10
282.669 1.41759e-10
282.734 1.48252e-10
282.8 1.46015e-10
282.865 1.45143e-10
282.93 1.54062e-10
282.995 1.5051e-10
283.06 1.54828e-10
283.125 1.52594e-10
283.19 1.6801e-10
283.255 1.66702e-10
283.32 1.57875e-10
283.385 1.52416e-10
283.45 1.43127e-10
283.515 1.37987e-10
283.58 1.4476e-10
283.646 1.44009e-10
283.711 1.49023e-10
283.776 1.54497e-10
283.841 1.58033e-10
283.906 1.63846e-10
283.971 1.47179e-10
284.036 1.70481e-10
284.101 1.52764e-10
284.166 1.59065e-10
284.231 1.45039e-10
284.296 1.34991e-10
284.361 1.38786e-10
284.426 1.30551e-10
284.492 1.29268e-10
284.557 1.14647e-10
284.622 1.10082e-10
284.687 1.20788e-10
284.752 1.06009e-10
284.817 9.00587e-11
284.882 7.71012e-11
284.947 8.02328e-11
285.012 7.92355e-11
285.077 5.92063e-11
285.142 5.00801e-11
285.207 3.89495e-11
285.272 3.27898e-11
285.337 4.62601e-11
285.402 5.17128e-11
285.468 6.8733e-11
285.533 5.73621e-11
285.598 7.87659e-11
285.663 8.43609e-11
285.728 1.10063e-10
285.793 1.02131e-10
285.858 1.09387e-10
285.923 1.38268e-10
285.988 1.50944e-10
286.053 1.47393e-10
286.118 1.662e-10
286.183 1.73669e-10
286.248 4.42104e-10
286.313 4.53801e-10
286.378 1.7023e-10
286.443 1.92734e-10
286.509 1.80444e-10
286.574 1.98524e-10
286.639 1.99874e-10
286.704 1.96656e-10
286.769 1.86377e-10
286.834 1.79319e-10
286.899 1.88855e-10
286.964 1.88329e-10
287.029 2.07539e-10
287.094 2.07861e-10
287.159 2.07694e-10
287.224 2.18566e-10
287.289 2.41953e-10
287.354 2.36895e-10
287.419 2.32494e-10
287.484 2.06918e-10
287.549 2.02086e-10
287.615 2.10375e-10
287.68 1.99333e-10
287.745 2.05334e-10
287.81 1.99508e-10
287.875 1.7509e-10
287.94 1.70032e-10
288.005 1.61114e-10
288.07 1.28796e-10
288.135 1.20568e-10
288.2 1.20271e-10
288.265 1.26311e-10
288.33 1.36256e-10
288.395 1.67923e-10
288.46 1.93711e-10
288.525 2.18617e-10
288.59 2.37287e-10
288.655 2.47214e-10
288.72 2.48409e-10
288.785 2.56603e-10
288.85 2.51088e-10
288.915 2.49438e-10
288.98 2.45402e-10
289.046 2.61635e-10
289.111 2.6843e-10
289.176 2.50363e-10
289.241 2.6549e-10
289.306 2.6892e-10
289.371 2.74389e-10
289.436 2.8407e-10
289.501 2.98766e-10
289.566 3.19292e-10
289.631 3.26964e-10
289.696 3.32985e-10
289.761 3.55481e-10
289.826 3.58476e-10
289.891 3.84009e-10
289.956 4.0048e-10
290.021 3.97465e-10
290.086 4.01791e-10
290.151 4.1797e-10
290.216 4.42747e-10
290.281 4.54689e-10
290.346 4.49816e-10
290.411 4.39147e-10
290.476 4.36697e-10
290.541 4.48659e-10
290.606 4.54585e-10
290.672 4.44731e-10
290.737 4.24615e-10
290.802 4.12417e-10
290.867 4.17656e-10
290.932 4.09751e-10
290.997 4.10344e-10
291.062 4.06611e-10
291.127 4.32299e-10
291.192 4.50385e-10
291.257 4.57569e-10
291.322 4.49246e-10
291.387 4.55153e-10
291.452 4.52063e-10
291.517 4.56283e-10
291.582 4.48524e-10
291.647 4.25492e-10
291.712 4.13926e-10
291.777 4.23437e-10
291.842 4.38785e-10
291.907 4.33199e-10
291.972 4.4303e-10
292.037 4.38281e-10
292.102 4.55378e-10
292.167 4.57914e-10
292.232 4.39464e-10
292.297 4.4419e-10
292.362 4.39744e-10
292.427 4.20525e-10
292.492 3.92344e-10
292.557 3.83188e-10
292.622 3.81333e-10
292.687 3.81745e-10
292.752 3.4651e-10
292.817 3.62767e-10
292.882 3.7933e-10
292.947 4.11556e-10
293.012 4.40913e-10
293.078 4.49817e-10
293.143 4.77512e-10
293.208 5.25239e-10
293.273 5.29831e-10
293.338 5.4106e-10
293.403 5.55565e-10
293.468 5.5595e-10
293.533 5.07555e-10
293.598 4.64593e-10
293.663 4.49983e-10
293.728 4.47629e-10
293.793 4.12392e-10
293.858 4.06397e-10
293.923 3.91507e-10
293.988 4.16998e-10
294.053 4.33481e-10
294.118 4.68378e-10
294.183 4.7386e-10
294.248 5.03368e-10
294.313 4.93807e-10
294.378 4.87187e-10
294.443 5.14071e-10
294.508 5.56977e-10
294.573 5.46039e-10
294.638 4.99295e-10
294.703 4.68721e-10
294.768 4.57299e-10
294.833 4.36616e-10
294.898 4.29037e-10
294.963 4.07745e-10
295.028 4.35702e-10
295.093 4.93508e-10
295.158 5.57872e-10
295.223 5.7687e-10
295.288 5.66732e-10
295.353 5.84927e-10
295.418 5.97332e-10
295.483 6.06675e-10
295.548 5.63109e-10
295.613 5.3581e-10
295.678 5.55742e-10
295.743 6.20755e-10
295.808 6.30639e-10
295.873 6.09939e-10
295.938 5.98523e-10
296.003 6.02663e-10
296.068 6.65988e-10
296.133 6.89366e-10
296.198 6.93912e-10
296.263 6.93616e-10
296.328 7.02034e-10
296.393 6.6437e-10
296.458 6.37817e-10
296.523 5.62072e-10
296.588 5.04307e-10
296.653 4.57393e-10
296.718 4.51967e-10
296.783 4.3313e-10
296.848 4.26372e-10
296.913 4.21523e-10
296.978 4.67957e-10
297.043 5.23083e-10
297.108 5.23024e-10
297.173 4.86854e-10
297.238 4.72649e-10
297.303 5.43934e-10
297.368 6.1412e-10
297.433 6.42203e-10
297.498 6.21476e-10
297.563 6.81588e-10
297.628 8.06403e-10
297.693 8.75695e-10
297.758 8.82728e-10
297.823 8.52839e-10
297.888 8.52295e-10
297.953 8.33501e-10
298.018 7.80813e-10
298.083 6.78895e-10
298.148 6.11599e-10
298.213 5.70852e-10
298.278 5.24634e-10
298.343 4.86729e-10
298.408 4.54773e-10
298.473 4.67716e-10
298.538 4.98589e-10
298.603 4.59925e-10
298.668 5.01345e-10
298.733 5.43183e-10
298.798 5.95732e-10
298.863 6.84543e-10
298.928 7.60308e-10
298.993 7.96535e-10
299.058 8.356e-10
299.123 8.8461e-10
299.188 8.97419e-10
299.253 8.6861e-10
299.318 7.74386e-10
299.383 7.09449e-10
299.448 7.12135e-10
299.513 7.16374e-10
299.569 6.71178e-10
299.634 6.95552e-10
299.699 7.338e-10
299.764 7.64497e-10
299.829 8.57661e-10
299.894 8.96844e-10
299.959 7.68565e-10
300.024 6.9254e-10
300.089 5.87395e-10
300.154 6.02168e-10
300.219 5.19851e-10
300.284 6.08143e-10
300.349 5.95845e-10
300.414 8.65571e-10
300.479 7.66396e-10
300.544 7.4052e-10
300.609 7.72881e-10
300.674 8.97409e-10
300.739 8.49483e-10
300.804 8.68915e-10
300.869 7.56868e-10
300.934 7.69257e-10
300.999 8.48492e-10
301.064 9.04783e-10
301.129 9.37192e-10
301.194 1.0905e-09
301.259 1.03959e-09
301.324 1.07848e-09
301.389 1.09488e-09
301.454 1.21224e-09
301.519 1.22837e-09
301.584 1.28248e-09
301.649 1.17727e-09
301.714 1.12229e-09
301.779 1.05039e-09
301.844 1.02349e-09
301.909 8.78473e-10
301.974 8.01593e-10
302.039 5.6279e-10
302.104 6.82443e-10
302.169 9.6631e-10
302.234 9.56599e-10
302.299 9.15892e-10
302.363 1.07963e-09
302.428 1.08411e-09
302.493 1.17001e-09
302.558 1.30625e-09
302.623 1.37259e-09
302.688 1.41414e-09
302.753 1.59645e-09
302.818 1.50854e-09
302.883 1.86559e-09
302.948 1.81361e-09
303.013 1.85603e-09
303.078 1.83576e-09
303.143 1.90109e-09
303.208 1.87891e-09
303.273 2.1096e-09
303.338 2.14009e-09
303.403 2.13112e-09
303.468 2.36228e-09
303.533 2.48892e-09
303.598 2.138e-09
303.663 2.06453e-09
303.728 1.94112e-09
303.793 1.94626e-09
303.858 1.88442e-09
303.923 1.71575e-09
303.988 1.86059e-09
304.053 1.88436e-09
304.118 1.8486e-09
304.183 2.12354e-09
304.248 1.96804e-09
304.313 2.16496e-09
304.378 2.21676e-09
304.443 2.41133e-09
304.508 2.72312e-09
304.573 2.83435e-09
304.638 2.62628e-09
304.703 2.48781e-09
304.768 2.48064e-09
304.833 2.76227e-09
304.898 2.72879e-09
304.963 2.71643e-09
305.028 3.12616e-09
305.093 3.50213e-09
305.158 4.17899e-09
305.223 4.20597e-09
305.288 3.98242e-09
305.353 4.01823e-09
305.418 4.11412e-09
305.483 4.22304e-09
305.548 3.87961e-09
305.613 3.42896e-09
305.678 3.11416e-09
305.743 2.98159e-09
305.808 2.96965e-09
305.873 2.81794e-09
305.938 2.60689e-09
306.003 3.05212e-09
306.068 3.36725e-09
306.133 3.90172e-09
306.198 4.01703e-09
306.263 4.33898e-09
306.328 4.07821e-09
306.393 4.28686e-09
306.458 4.22059e-09
306.523 3.94785e-09
306.588 3.85909e-09
306.653 3.64604e-09
306.718 4.10299e-09
306.783 4.28739e-09
306.848 4.65139e-09
306.913 5.05003e-09
306.977 5.51428e-09
307.042 6.17178e-09
307.107 6.16301e-09
307.172 6.79404e-09
307.237 6.95702e-09
307.302 7.26567e-09
307.367 7.09947e-09
307.432 6.78495e-09
307.497 6.94893e-09
307.562 7.68242e-09
307.627 7.79864e-09
307.692 7.75806e-09
307.757 7.47582e-09
307.822 7.96806e-09
307.887 8.38768e-09
307.952 8.57765e-09
308.017 8.18716e-09
308.082 7.69841e-09
308.147 7.71275e-09
308.212 7.63242e-09
308.277 7.63747e-09
308.342 8.2182e-09
308.407 8.5589e-09
308.472 9.18662e-09
308.537 9.73843e-09
308.602 9.96401e-09
308.667 1.00284e-08
308.732 1.00595e-08
308.797 9.50138e-09
308.862 9.15199e-09
308.927 8.75045e-09
308.992 8.39137e-09
309.057 8.53799e-09
309.122 8.27724e-09
309.187 7.73122e-09
309.252 7.38939e-09
309.317 7.69917e-09
309.382 8.70332e-09
309.447 9.64353e-09
309.512 9.98479e-09
309.577 9.94576e-09
309.642 1.11331e-08
309.707 1.19608e-08
309.772 1.24541e-08
309.837 1.16659e-08
309.902 1.0329e-08
309.967 9.93305e-09
310.032 9.96633e-09
310.097 9.70267e-09
310.162 9.97855e-09
310.227 1.03113e-08
310.292 1.16648e-08
310.357 1.34662e-08
310.422 1.48018e-08
310.487 1.66004e-08
310.552 1.82803e-08
310.617 1.92922e-08
310.682 2.00266e-08
310.747 2.09732e-08
310.812 2.16367e-08
310.877 2.21083e-08
310.942 2.21061e-08
311.007 2.27323e-08
311.072 2.26629e-08
311.137 2.2874e-08
311.202 2.25946e-08
311.266 2.19977e-08
311.331 2.14486e-08
311.396 2.25408e-08
311.461 2.28288e-08
311.526 2.26073e-08
311.591 2.17604e-08
311.656 2.13116e-08
311.721 2.14211e-08
311.786 2.20999e-08
311.851 2.16089e-08
311.916 2.08822e-08
311.981 2.12268e-08
312.046 2.14803e-08
312.111 2.17326e-08
312.176 2.27553e-08
312.241 2.39496e-08
312.306 2.60965e-08
312.371 2.67832e-08
312.436 2.69941e-08
312.501 2.77415e-08
312.566 2.8808e-08
312.631 2.96661e-08
312.696 2.95506e-08
312.761 2.86935e-08
312.826 2.97196e-08
312.891 3.10335e-08
312.956 3.13484e-08
313.021 3.18404e-08
313.086 3.12976e-08
313.151 3.07149e-08
313.216 3.08978e-08
313.281 2.91866e-08
313.346 2.81856e-08
313.411 2.87482e-08
313.476 2.79279e-08
313.541 2.77885e-08
313.606 2.85647e-08
313.671 2.99355e-08
313.736 3.20381e-08
313.801 3.45146e-08
313.866 3.48265e-08
313.931 3.67036e-08
313.996 3.89749e-08
314.061 4.07777e-08
314.126 4.13047e-08
314.191 4.01529e-08
314.256 3.64796e-08
314.321 3.40176e-08
314.386 3.27507e-08
314.451 3.1744e-08
314.516 3.14278e-08
314.581 3.09332e-08
314.646 3.12891e-08
314.711 3.52734e-08
314.776 4.06142e-08
314.841 4.3944e-08
314.906 4.49352e-08
314.971 4.53851e-08
315.036 4.65145e-08
315.101 4.79463e-08
315.166 4.8561e-08
315.231 4.72891e-08
315.296 4.57068e-08
315.361 4.46512e-08
315.426 4.33139e-08
315.491 4.21924e-08
315.556 3.98009e-08
315.621 3.66749e-08
315.686 3.3836e-08
315.75 3.16286e-08
315.815 3.0745e-08
315.88 3.02731e-08
315.945 2.92069e-08
316.01 2.88001e-08
316.075 3.07976e-08
316.14 3.34527e-08
316.205 3.76088e-08
316.27 4.11583e-08
316.335 4.20238e-08
316.4 4.51081e-08
316.465 4.8366e-08
316.53 4.96464e-08
316.595 5.3233e-08
316.66 5.41341e-08
316.725 5.29997e-08
316.79 5.41009e-08
316.855 5.58491e-08
316.92 5.67766e-08
316.985 6.08141e-08
317.05 6.04831e-08
317.115 6.16411e-08
317.18 6.5263e-08
317.245 6.76675e-08
317.31 6.86525e-08
317.375 6.71307e-08
317.44 6.55636e-08
317.505 6.57369e-08
317.57 6.57194e-08
317.635 6.31699e-08
317.7 6.15019e-08
317.765 5.84261e-08
317.83 5.5707e-08
317.895 5.3287e-08
317.96 5.08394e-08
318.025 4.61932e-08
318.09 4.4362e-08
318.155 4.47661e-08
318.22 4.57474e-08
318.285 4.92786e-08
318.35 5.19248e-08
318.415 5.41654e-08
318.48 5.93668e-08
318.545 6.17566e-08
318.61 6.44867e-08
318.675 6.79452e-08
318.74 6.98433e-08
318.805 7.62923e-08
318.87 8.17755e-08
318.935 8.12013e-08
319 8.13348e-08
319.065 7.9371e-08
319.13 7.4339e-08
319.195 7.08506e-08
319.26 6.42183e-08
319.325 5.81971e-08
319.389 5.61821e-08
319.454 5.53789e-08
319.519 5.54019e-08
319.584 5.75148e-08
319.649 6.22768e-08
319.714 6.62676e-08
319.779 6.98922e-08
319.844 7.00283e-08
319.909 6.86944e-08
319.974 6.94757e-08
320.039 7.41835e-08
320.104 7.31594e-08
320.169 7.16931e-08
320.234 7.1669e-08
320.299 7.68402e-08
320.364 8.40627e-08
320.429 8.55776e-08
320.494 8.8016e-08
320.559 9.18469e-08
320.624 9.61897e-08
320.689 9.66392e-08
320.754 9.44174e-08
320.819 9.1603e-08
320.884 9.17049e-08
320.949 8.79289e-08
321.014 8.41037e-08
321.079 7.81099e-08
321.144 7.56436e-08
321.209 7.3642e-08
321.274 7.0004e-08
321.339 6.83268e-08
321.404 7.01354e-08
321.469 7.23565e-08
321.534 7.58902e-08
321.599 7.42597e-08
321.664 7.81429e-08
321.729 8.50037e-08
321.793 8.83846e-08
321.858 8.58711e-08
321.923 8.57346e-08
321.988 8.61101e-08
322.053 8.53672e-08
322.118 8.14361e-08
322.183 7.59139e-08
322.248 7.48134e-08
322.313 7.80248e-08
322.378 7.63263e-08
322.443 7.08725e-08
322.508 7.07809e-08
322.573 7.06637e-08
322.638 7.00128e-08
322.703 6.59366e-08
322.768 6.10633e-08
322.833 5.78378e-08
322.898 5.93563e-08
322.963 6.1863e-08
323.028 6.53678e-08
323.093 7.07837e-08
323.158 7.52589e-08
323.223 7.94589e-08
323.288 8.18761e-08
323.353 8.3381e-08
323.418 8.60628e-08
323.483 8.61723e-08
323.547 8.18379e-08
323.612 8.41794e-08
323.677 8.6522e-08
323.742 9.051e-08
323.807 9.15036e-08
323.872 9.28984e-08
323.937 9.68896e-08
324.002 1.03518e-07
324.067 1.03055e-07
324.132 1.02936e-07
324.197 1.01548e-07
324.262 1.04204e-07
324.327 1.04112e-07
324.392 1.03984e-07
324.457 1.02871e-07
324.522 1.0698e-07
324.587 1.03708e-07
324.652 9.93466e-08
324.717 9.71215e-08
324.781 9.46779e-08
324.846 9.06392e-08
324.911 8.71067e-08
324.976 8.13702e-08
325.041 8.24654e-08
325.106 8.64733e-08
325.171 8.99201e-08
325.236 9.3771e-08
325.301 9.31713e-08
325.366 9.78184e-08
325.431 1.04946e-07
325.496 1.08619e-07
325.561 1.12465e-07
325.626 1.14721e-07
325.691 1.17883e-07
325.756 1.26231e-07
325.821 1.31754e-07
325.885 1.32343e-07
325.95 1.36084e-07
326.015 1.36141e-07
326.08 1.38511e-07
326.145 1.43584e-07
326.21 1.43832e-07
326.275 1.41719e-07
326.34 1.37652e-07
326.405 1.34337e-07
326.47 1.34846e-07
326.535 1.3923e-07
326.6 1.38562e-07
326.665 1.40432e-07
326.729 1.42258e-07
326.794 1.47186e-07
326.859 1.49999e-07
326.924 1.50209e-07
326.989 1.43837e-07
327.054 1.3764e-07
327.119 1.3472e-07
327.184 1.33255e-07
327.249 1.3053e-07
327.314 1.29329e-07
327.379 1.3029e-07
327.444 1.35644e-07
327.508 1.36391e-07
327.573 1.35504e-07
327.638 1.31247e-07
327.703 1.29561e-07
327.768 1.26604e-07
327.833 1.20342e-07
327.898 1.14079e-07
327.963 1.15112e-07
328.028 1.165e-07
328.093 1.15326e-07
328.158 1.12654e-07
328.222 1.15894e-07
328.287 1.21339e-07
328.352 1.24615e-07
328.417 1.23672e-07
328.482 1.24896e-07
328.547 1.21313e-07
328.612 1.21257e-07
328.677 1.21142e-07
328.742 1.1896e-07
328.806 1.21397e-07
328.871 1.28572e-07
328.936 1.32182e-07
329.001 1.41487e-07
329.066 1.49241e-07
329.131 1.53858e-07
329.196 1.61945e-07
329.261 1.67029e-07
329.326 1.66121e-07
329.39 1.6479e-07
329.455 1.65391e-07
329.52 1.67608e-07
329.585 1.71543e-07
329.65 1.72222e-07
329.715 1.67155e-07
329.78 1.64434e-07
329.845 1.66756e-07
329.909 1.72597e-07
329.974 1.76599e-07
330.039 1.76949e-07
330.104 1.68816e-07
330.169 1.66318e-07
330.234 1.63911e-07
330.299 1.61915e-07
330.363 1.5104e-07
330.428 1.418e-07
330.493 1.29863e-07
330.558 1.27646e-07
330.623 1.28271e-07
330.688 1.29284e-07
330.753 1.26982e-07
330.817 1.28105e-07
330.882 1.27469e-07
330.947 1.3327e-07
331.012 1.38757e-07
331.077 1.38882e-07
331.142 1.33464e-07
331.206 1.3261e-07
331.271 1.28395e-07
331.336 1.24173e-07
331.401 1.21713e-07
331.466 1.18657e-07
331.531 1.2065e-07
331.595 1.21152e-07
331.66 1.20616e-07
331.725 1.24391e-07
331.79 1.275e-07
304.083 1.58719e-09
304.274 1.60842e-09
304.466 1.81351e-09
304.657 1.72564e-09
304.849 1.94006e-09
305.04 2.07562e-09
305.232 2.32018e-09
305.423 2.40904e-09
305.614 2.18256e-09
305.806 2.01332e-09
305.997 2.09462e-09
306.188 2.39151e-09
306.38 2.48173e-09
306.571 2.55558e-09
306.762 2.57296e-09
306.953 3.20001e-09
307.145 3.5487e-09
307.336 4.22636e-09
307.527 4.4609e-09
307.718 4.76326e-09
307.91 5.13581e-09
308.101 5.10342e-09
308.292 5.71798e-09
308.483 6.50034e-09
308.674 7.09161e-09
308.865 7.34375e-09
309.057 7.11886e-09
309.248 7.47815e-09
309.439 8.61537e-09
309.63 9.57078e-09
309.821 1.01856e-08
310.012 9.59386e-09
310.203 1.11992e-08
310.394 1.35846e-08
310.585 1.65217e-08
310.776 1.89295e-08
310.967 1.96483e-08
311.158 2.00733e-08
311.349 2.00362e-08
311.54 1.99592e-08
311.731 1.96303e-08
311.922 1.99558e-08
312.113 2.11574e-08
312.304 2.31403e-08
312.495 2.48363e-08
312.686 2.6401e-08
312.877 2.72727e-08
313.068 2.76055e-08
313.259 2.67552e-08
313.45 2.63942e-08
313.641 2.808e-08
313.832 3.17623e-08
314.022 3.42844e-08
314.213 3.32682e-08
314.404 3.03802e-08
314.595 3.1663e-08
314.786 3.59398e-08
314.977 4.04021e-08
315.168 4.12889e-08
315.359 3.89432e-08
315.549 3.4731e-08
315.74 3.01669e-08
315.931 2.8959e-08
316.122 3.20685e-08
316.313 3.86309e-08
316.504 4.4043e-08
316.694 4.81159e-08
316.885 5.10953e-08
317.076 5.56661e-08
317.267 5.78539e-08
317.458 5.79079e-08
317.648 5.43398e-08
317.839 4.84527e-08
318.03 4.4149e-08
318.221 4.42812e-08
318.412 5.05135e-08
318.602 5.85311e-08
318.793 6.6559e-08
318.984 6.87279e-08
319.175 6.13364e-08
319.365 5.48138e-08
319.556 5.4761e-08
319.747 5.99835e-08
319.938 6.3363e-08
320.129 6.69477e-08
320.319 7.26882e-08
320.51 8.04244e-08
320.701 8.34525e-08
320.892 7.92401e-08
321.082 7.1846e-08
321.273 6.67828e-08
321.464 6.79582e-08
321.655 7.32692e-08
321.845 7.76567e-08
322.036 7.5264e-08
322.227 7.13866e-08
322.418 6.77873e-08
322.608 6.2579e-08
322.799 5.89506e-08
322.99 6.20695e-08
323.181 7.07872e-08
323.371 7.59386e-08
323.562 7.91373e-08
323.753 8.34105e-08
323.944 8.96856e-08
324.134 9.41324e-08
324.325 9.4823e-08
324.516 9.45061e-08
324.707 8.80468e-08
324.897 8.13387e-08
325.088 8.1318e-08
325.279 8.86033e-08
325.47 9.81694e-08
325.66 1.09074e-07
325.851 1.19006e-07
326.042 1.26289e-07
326.233 1.27549e-07
326.423 1.25239e-07
326.614 1.2852e-07
326.805 1.32125e-07
326.996 1.288e-07
327.186 1.22348e-07
327.377 1.21316e-07
327.568 1.20374e-07
327.759 1.1404e-07
327.95 1.07883e-07
328.14 1.07434e-07
328.331 1.11266e-07
328.522 1.11704e-07
328.713 1.1233e-07
328.904 1.22982e-07
329.094 1.36991e-07
329.285 1.47787e-07
329.476 1.51479e-07
329.667 1.52697e-07
329.858 1.54781e-07
330.048 1.54627e-07
330.239 1.43995e-07
330.43 1.29248e-07
330.621 1.18176e-07
330.812 1.20254e-07
331.003 1.24495e-07
331.193 1.249e-07
331.384 1.21278e-07
331.575 1.24757e-07
331.766 1.33465e-07
331.957 1.37958e-07
332.148 1.31661e-07
332.339 1.28046e-07
332.529 1.33323e-07
332.72 1.35583e-07
332.911 1.32401e-07
333.102 1.31676e-07
333.293 1.32461e-07
333.484 1.23149e-07
333.675 1.14034e-07
333.866 1.15766e-07
334.057 1.22545e-07
334.247 1.29503e-07
334.438 1.37958e-07
334.629 1.40814e-07
334.82 1.32298e-07
335.011 1.28926e-07
335.202 1.37042e-07
335.393 1.47071e-07
335.584 1.50607e-07
335.775 1.35931e-07
335.966 1.07392e-07
336.157 9.54857e-08
336.348 1.11925e-07
336.539 1.27391e-07
336.73 1.21202e-07
336.921 1.05954e-07
337.112 9.7584e-08
337.303 1.02653e-07
337.494 1.20498e-07
337.685 1.34697e-07
337.876 1.27641e-07
338.067 1.17507e-07
338.258 1.20094e-07
338.449 1.32045e-07
338.64 1.38097e-07
338.831 1.40348e-07
339.022 1.37276e-07
339.213 1.26105e-07
339.404 1.22326e-07
339.595 1.31475e-07
339.787 1.45618e-07
339.978 1.54405e-07
340.169 1.52977e-07
340.36 1.4523e-07
340.551 1.36884e-07
340.742 1.32246e-07
340.933 1.32065e-07
341.124 1.35051e-07
341.316 1.26462e-07
341.507 1.20856e-07
341.698 1.26218e-07
341.889 1.42336e-07
342.08 1.47671e-07
342.271 1.39719e-07
342.463 1.34926e-07
342.654 1.34448e-07
342.845 1.44184e-07
343.036 1.4965e-07
343.227 1.43197e-07
343.419 1.38672e-07
343.61 1.36684e-07
343.801 1.29915e-07
343.992 1.07328e-07
344.184 9.04239e-08
344.375 9.03947e-08
344.566 1.03082e-07
344.758 1.1702e-07
344.949 1.31946e-07
345.14 1.36064e-07
345.331 1.36308e-07
345.523 1.38124e-07
345.714 1.34183e-07
345.905 1.21565e-07
346.097 1.13566e-07
346.288 1.22047e-07
346.48 1.29379e-07
346.671 1.33303e-07
346.862 1.381e-07
347.054 1.42292e-07
347.245 1.34382e-07
347.436 1.17462e-07
347.628 1.08519e-07
347.819 1.17442e-07
348.011 1.29977e-07
348.202 1.31009e-07
348.394 1.24667e-07
348.585 1.29129e-07
348.777 1.32052e-07
348.968 1.22471e-07
349.16 1.12576e-07
349.351 1.15869e-07
349.543 1.17647e-07
349.734 1.18371e-07
349.926 1.31542e-07
350.117 1.47472e-07
350.309 1.55942e-07
350.5 1.5109e-07
350.692 1.47958e-07
350.883 1.42122e-07
351.075 1.36662e-07
351.267 1.25818e-07
351.458 1.21794e-07
351.65 1.33554e-07
351.841 1.46966e-07
352.033 1.42213e-07
352.225 1.27422e-07
352.416 1.1087e-07
352.608 1.05462e-07
352.8 1.18984e-07
352.991 1.35854e-07
353.183 1.38784e-07
353.375 1.40951e-07
353.566 1.44398e-07
353.758 1.49123e-07
353.95 1.51179e-07
354.142 1.48823e-07
354.333 1.49507e-07
354.525 1.53198e-07
354.717 1.52978e-07
354.909 1.53433e-07
355.1 1.52811e-07
355.292 1.43118e-07
355.484 1.36722e-07
355.676 1.3635e-07
355.868 1.36837e-07
356.059 1.39502e-07
356.251 1.46587e-07
356.443 1.32278e-07
356.635 1.15076e-07
356.827 1.03937e-07
357.019 1.00179e-07
357.211 1.03804e-07
357.402 1.15311e-07
357.594 1.25253e-07
357.786 1.21673e-07
357.978 1.02902e-07
358.17 8.71322e-08
358.362 8.40507e-08
358.554 8.31066e-08
358.746 8.58909e-08
358.938 1.01635e-07
359.13 1.23689e-07
359.322 1.34316e-07
359.514 1.4142e-07
359.706 1.47984e-07
359.898 1.55464e-07
360.09 1.52634e-07
360.282 1.39399e-07
360.474 1.2506e-07
360.666 1.19024e-07
360.859 1.09764e-07
361.051 1.10254e-07
361.243 1.17341e-07
361.435 1.29594e-07
361.627 1.292e-07
361.819 1.11548e-07
362.011 1.0284e-07
362.203 1.16569e-07
362.396 1.34544e-07
362.588 1.50347e-07
362.78 1.60478e-07
362.972 1.45117e-07
363.164 1.19789e-07
363.357 1.11637e-07
363.549 1.21348e-07
363.741 1.34396e-07
363.933 1.47245e-07
364.126 1.51172e-07
364.318 1.42297e-07
364.51 1.30935e-07
364.703 1.20066e-07
364.895 1.18421e-07
365.087 1.29322e-07
365.28 1.4738e-07
365.472 1.57277e-07
365.664 1.62223e-07
365.857 1.67215e-07
366.049 1.70294e-07
366.241 1.64793e-07
366.434 1.59831e-07
366.626 1.57627e-07
366.819 1.53117e-07
367.011 1.51525e-07
367.204 1.58009e-07
367.396 1.64415e-07
367.589 1.60175e-07
367.781 1.48577e-07
367.974 1.37829e-07
368.166 1.39392e-07
368.359 1.4637e-07
368.551 1.42796e-07
368.744 1.33248e-07
368.936 1.3929e-07
369.129 1.5832e-07
369.321 1.63357e-07
369.514 1.58263e-07
369.707 1.58472e-07
369.899 1.68299e-07
370.092 1.73243e-07
370.284 1.62049e-07
370.477 1.38357e-07
370.67 1.23258e-07
370.862 1.2254e-07
371.055 1.38203e-07
371.248 1.61671e-07
371.44 1.77189e-07
371.633 1.76198e-07
371.826 1.51117e-07
372.019 1.16961e-07
372.211 1.04865e-07
372.404 1.27476e-07
372.597 1.45715e-07
372.79 1.48233e-07
372.982 1.45447e-07
373.175 1.35356e-07
373.368 1.07642e-07
373.561 8.54418e-08
373.754 9.19688e-08
373.947 1.22055e-07
374.139 1.41868e-07
374.332 1.33456e-07
374.525 1.11664e-07
374.718 9.6262e-08
374.911 8.94306e-08
375.104 1.05722e-07
375.297 1.36802e-07
375.49 1.62218e-07
375.683 1.51892e-07
375.876 1.30116e-07
376.069 1.25587e-07
376.262 1.32367e-07
376.455 1.35827e-07
376.648 1.32383e-07
376.841 1.34074e-07
377.034 1.37645e-07
377.227 1.4978e-07
377.42 1.59885e-07
377.613 1.65314e-07
377.806 1.67304e-07
377.999 1.73817e-07
378.192 1.79948e-07
378.385 1.83003e-07
378.579 1.68644e-07
378.772 1.48748e-07
378.965 1.37986e-07
379.158 1.40766e-07
379.351 1.37578e-07
379.545 1.30151e-07
379.738 1.17995e-07
379.931 1.18508e-07
380.124 1.33764e-07
380.317 1.55196e-07
380.511 1.60114e-07
380.704 1.5335e-07
380.897 1.54896e-07
381.091 1.61417e-07
381.284 1.50564e-07
381.477 1.26167e-07
381.671 1.18987e-07
381.864 1.17135e-07
382.057 1.09582e-07
382.251 1.07667e-07
382.444 1.01493e-07
382.637 8.8948e-08
382.831 8.41348e-08
383.024 8.90114e-08
383.218 8.54403e-08
383.411 8.11282e-08
383.605 8.43456e-08
383.798 8.36871e-08
383.992 8.18919e-08
384.185 9.77011e-08
384.379 1.20816e-07
384.572 1.33298e-07
384.766 1.36088e-07
384.959 1.30373e-07
385.153 1.29741e-07
385.346 1.2977e-07
385.54 1.23789e-07
385.733 1.12977e-07
385.927 9.89927e-08
386.121 1.04299e-07
386.314 1.25458e-07
386.508 1.37835e-07
386.702 1.34392e-07
386.895 1.247e-07
387.089 1.09274e-07
387.283 1.06348e-07
387.476 1.243e-07
387.67 1.31865e-07
387.864 1.22637e-07
388.058 1.13795e-07
388.251 1.15375e-07
388.445 1.18032e-07
388.639 1.14822e-07
388.833 1.08664e-07
389.026 1.18973e-07
389.22 1.37948e-07
389.414 1.46078e-07
389.608 1.49864e-07
389.802 1.51012e-07
389.996 1.52815e-07
390.19 1.48858e-07
390.383 1.41204e-07
390.577 1.34246e-07
390.771 1.44555e-07
390.965 1.58812e-07
391.159 1.68431e-07
391.353 1.70175e-07
391.547 1.67006e-07
391.741 1.61107e-07
391.935 1.48654e-07
392.129 1.35486e-07
392.323 1.32977e-07
392.517 1.32113e-07
392.711 1.16901e-07
392.905 9.11146e-08
393.099 6.76323e-08
393.294 4.95269e-08
393.488 4.54423e-08
393.682 5.85256e-08
393.876 8.32783e-08
394.07 1.04643e-07
394.264 1.12662e-07
394.458 1.20148e-07
394.653 1.32835e-07
394.847 1.46499e-07
395.041 1.56034e-07
395.235 1.58321e-07
395.429 1.5909e-07
395.624 1.56897e-07
395.818 1.57882e-07
396.012 1.47326e-07
396.206 1.24553e-07
396.401 1.02585e-07
396.595 8.24987e-08
396.789 6.00174e-08
396.984 5.34576e-08
397.178 7.05109e-08
397.372 9.69576e-08
397.567 1.22041e-07
397.761 1.44907e-07
397.956 1.66001e-07
398.15 1.75997e-07
398.345 1.74654e-07
398.539 1.74085e-07
398.733 1.80633e-07
398.928 1.87279e-07
399.122 1.94169e-07
399.317 1.96901e-07
399.511 1.94729e-07
399.706 1.87778e-07
399.9 1.91747e-07
400.095 2.00229e-07
400.29 2.05579e-07
400.484 1.91379e-07
400.679 1.84095e-07
400.873 1.92132e-07
401.068 2.04449e-07
401.263 2.07265e-07
401.457 2.09226e-07
401.652 2.05174e-07
401.847 2.05421e-07
402.041 2.08144e-07
402.236 2.101e-07
402.431 2.06602e-07
402.625 2.09944e-07
402.82 2.1282e-07
403.015 2.02185e-07
403.21 1.84239e-07
403.404 1.79476e-07
403.599 1.94051e-07
403.794 2.11147e-07
403.989 2.14261e-07
404.184 2.12741e-07
404.379 1.94476e-07
404.573 1.70338e-07
404.768 1.74536e-07
404.963 2.00259e-07
405.158 2.0967e-07
405.353 2.01947e-07
405.548 1.94041e-07
405.743 1.86251e-07
405.938 1.9e-07
406.133 1.91863e-07
406.328 1.78872e-07
406.523 1.73002e-07
406.718 1.84068e-07
406.913 1.97781e-07
407.108 1.91437e-07
407.303 1.89855e-07
407.498 1.90989e-07
407.693 1.83303e-07
407.888 1.81136e-07
408.083 1.97117e-07
408.278 2.05099e-07
408.474 2.00148e-07
408.669 2.03699e-07
408.864 2.1597e-07
409.059 2.18531e-07
409.254 2.13174e-07
409.449 2.05927e-07
409.645 1.96347e-07
409.84 1.86622e-07
410.035 1.67984e-07
410.23 1.55481e-07
410.426 1.65433e-07
410.621 1.87863e-07
410.816 1.99157e-07
411.012 2.00379e-07
411.207 2.03541e-07
411.402 2.11601e-07
411.598 2.18617e-07
411.793 2.14098e-07
411.988 2.09104e-07
412.184 2.07906e-07
412.379 2.11354e-07
412.575 2.09603e-07
412.77 2.06369e-07
412.965 2.03969e-07
413.161 1.95557e-07
413.356 1.89149e-07
413.552 1.96918e-07
413.747 2.12825e-07
413.943 2.21757e-07
414.138 2.14493e-07
414.334 1.95932e-07
414.53 1.93745e-07
414.725 2.04797e-07
414.921 2.0959e-07
415.116 2.07041e-07
415.312 2.01831e-07
415.508 1.9644e-07
415.703 1.95793e-07
415.899 2.02858e-07
416.095 2.116e-07
416.29 2.18672e-07
416.486 2.2014e-07
416.682 2.12608e-07
416.877 2.08749e-07
417.073 2.02968e-07
417.269 1.92326e-07
417.465 1.87984e-07
417.661 1.91509e-07
417.856 1.97883e-07
418.052 2.00192e-07
418.248 1.97888e-07
418.444 1.98392e-07
418.64 1.94574e-07
418.836 1.91477e-07
419.031 1.9672e-07
419.227 2.08275e-07
419.423 2.09598e-07
419.619 1.99691e-07
419.815 1.86434e-07
420.011 1.81908e-07
420.207 1.84716e-07
420.403 1.94336e-07
420.599 2.05848e-07
420.795 2.13276e-07
420.991 2.13825e-07
421.187 2.15233e-07
421.383 2.13617e-07
421.579 2.03887e-07
421.775 2.01715e-07
421.971 2.10783e-07
422.168 2.15594e-07
422.364 2.02565e-07
422.56 1.70431e-07
422.756 1.59501e-07
422.952 1.83591e-07
423.148 2.06593e-07
423.345 2.06622e-07
423.541 1.9526e-07
423.737 1.88304e-07
423.933 1.90995e-07
424.129 1.99071e-07
424.326 2.05042e-07
424.522 2.09314e-07
424.718 2.01899e-07
424.915 1.8763e-07
425.111 1.87138e-07
425.307 1.93699e-07
425.504 1.96152e-07
425.7 1.99803e-07
425.896 1.91983e-07
426.093 1.81903e-07
426.289 1.90291e-07
426.486 2.08159e-07
426.682 2.11248e-07
426.879 1.99663e-07
427.075 1.77404e-07
427.272 1.63859e-07
427.468 1.6786e-07
427.665 1.87878e-07
427.861 1.98975e-07
428.058 1.96232e-07
428.254 1.94222e-07
428.451 1.91883e-07
428.647 1.87041e-07
428.844 1.77149e-07
429.041 1.71734e-07
429.237 1.77555e-07
429.434 1.84634e-07
429.63 1.79437e-07
429.827 1.58563e-07
430.024 1.39818e-07
430.221 1.34201e-07
430.417 1.38041e-07
430.614 1.38078e-07
430.811 1.29615e-07
431.007 1.26107e-07
431.204 1.38054e-07
431.401 1.64729e-07
431.598 1.98879e-07
431.795 2.23442e-07
431.991 2.27995e-07
432.188 2.1394e-07
432.385 1.8291e-07
432.582 1.63335e-07
432.779 1.79562e-07
432.976 2.05521e-07
433.173 2.16827e-07
433.37 2.1856e-07
433.567 2.1316e-07
433.764 1.91276e-07
433.961 1.61649e-07
434.157 1.5507e-07
434.354 1.73041e-07
434.551 1.95661e-07
434.749 2.09968e-07
434.946 2.13951e-07
435.143 2.01531e-07
435.34 1.93349e-07
435.537 1.99924e-07
435.734 2.09416e-07
435.931 2.11859e-07
436.128 2.16582e-07
436.325 2.22701e-07
436.522 2.26529e-07
436.72 2.2239e-07
436.917 2.15006e-07
437.114 2.12318e-07
437.311 2.06563e-07
437.508 1.98621e-07
437.706 2.01968e-07
437.903 2.11936e-07
438.1 2.08019e-07
438.297 1.79736e-07
438.495 1.63959e-07
438.692 1.78522e-07
438.889 1.94752e-07
439.087 2.00099e-07
439.284 2.02546e-07
439.481 2.04899e-07
439.679 2.12401e-07
439.876 2.15657e-07
440.074 2.1122e-07
440.271 2.03063e-07
440.469 1.9293e-07
440.666 1.93329e-07
440.863 2.02717e-07
441.061 2.20043e-07
441.258 2.28499e-07
441.456 2.20237e-07
441.654 2.11601e-07
441.851 2.20783e-07
442.049 2.32038e-07
442.246 2.29319e-07
442.444 2.24388e-07
442.641 2.24187e-07
442.839 2.28465e-07
443.037 2.27502e-07
443.234 2.24314e-07
443.432 2.15937e-07
443.63 2.15251e-07
443.827 2.26962e-07
444.025 2.32795e-07
444.223 2.24079e-07
444.42 2.22076e-07
444.618 2.29618e-07
444.816 2.34886e-07
445.014 2.35075e-07
445.211 2.31884e-07
445.409 2.1985e-07
445.607 2.07592e-07
445.805 2.04867e-07
446.003 2.06615e-07
446.201 2.09896e-07
446.398 2.17941e-07
446.596 2.25907e-07
446.794 2.25905e-07
446.992 2.24123e-07
447.19 2.30123e-07
447.388 2.39343e-07
447.586 2.4431e-07
447.784 2.46031e-07
447.982 2.34984e-07
448.18 2.23446e-07
448.378 2.26515e-07
448.576 2.40443e-07
448.774 2.42242e-07
448.972 2.33754e-07
449.17 2.32508e-07
449.368 2.34276e-07
449.566 2.33141e-07
449.764 2.37228e-07
449.963 2.42191e-07
450.161 2.44127e-07
450.359 2.49789e-07
450.557 2.55897e-07
450.755 2.5659e-07
450.953 2.54464e-07
451.152 2.53155e-07
451.35 2.47211e-07
451.548 2.4399e-07
451.746 2.42763e-07
451.945 2.45404e-07
452.143 2.4638e-07
452.341 2.44304e-07
452.54 2.35119e-07
452.738 2.22046e-07
452.936 2.15196e-07
453.135 2.18119e-07
453.333 2.20456e-07
453.531 2.22068e-07
453.73 2.32343e-07
453.928 2.42884e-07
454.127 2.44474e-07
454.325 2.42146e-07
454.523 2.39793e-07
454.722 2.35328e-07
454.92 2.29174e-07
455.119 2.28691e-07
455.317 2.31186e-07
455.516 2.31895e-07
455.715 2.37049e-07
455.913 2.45834e-07
456.112 2.51827e-07
456.31 2.48748e-07
456.509 2.40493e-07
456.707 2.4082e-07
456.906 2.46099e-07
457.105 2.45539e-07
457.303 2.45119e-07
457.502 2.48922e-07
457.701 2.5206e-07
457.899 2.45374e-07
458.098 2.35718e-07
458.297 2.31107e-07
458.496 2.3059e-07
458.694 2.34187e-07
458.893 2.42754e-07
459.092 2.42999e-07
459.291 2.38848e-07
459.489 2.36483e-07
459.688 2.35211e-07
459.887 2.3555e-07
460.086 2.35506e-07
460.285 2.36951e-07
460.484 2.38486e-07
460.683 2.4221e-07
460.881 2.48706e-07
461.08 2.49245e-07
461.279 2.46137e-07
461.478 2.4421e-07
461.677 2.45211e-07
461.876 2.44817e-07
462.075 2.46393e-07
462.274 2.48866e-07
462.473 2.48654e-07
462.672 2.483e-07
462.871 2.48597e-07
463.07 2.48956e-07
463.269 2.48023e-07
463.469 2.45599e-07
463.668 2.43153e-07
463.867 2.39184e-07
464.066 2.40061e-07
464.265 2.43269e-07
464.464 2.41484e-07
464.663 2.32547e-07
464.863 2.28523e-07
465.062 2.34594e-07
465.261 2.41135e-07
465.46 2.39537e-07
465.659 2.38598e-07
465.859 2.44142e-07
466.058 2.51002e-07
466.257 2.47847e-07
466.457 2.39605e-07
466.656 2.24935e-07
466.855 2.17491e-07
467.055 2.26187e-07
467.254 2.35573e-07
467.453 2.40571e-07
467.653 2.43656e-07
467.852 2.40285e-07
468.051 2.34154e-07
468.251 2.3369e-07
468.45 2.38725e-07
468.65 2.42385e-07
468.849 2.42504e-07
469.049 2.39748e-07
469.248 2.38064e-07
469.448 2.41644e-07
469.647 2.43561e-07
469.847 2.38331e-07
470.046 2.3152e-07
470.246 2.23505e-07
470.446 2.24733e-07
470.645 2.28852e-07
470.845 2.29138e-07
471.044 2.31893e-07
471.244 2.35801e-07
471.444 2.36436e-07
471.643 2.39386e-07
471.843 2.46991e-07
472.043 2.52563e-07
472.242 2.51851e-07
472.442 2.53392e-07
472.642 2.49555e-07
472.842 2.38906e-07
473.041 2.31097e-07
473.241 2.33991e-07
473.441 2.38504e-07
473.641 2.38514e-07
473.841 2.38629e-07
474.041 2.4242e-07
474.24 2.46039e-07
474.44 2.47509e-07
474.64 2.48905e-07
474.84 2.49392e-07
475.04 2.49396e-07
475.24 2.45096e-07
475.44 2.3903e-07
475.64 2.3678e-07
475.84 2.41145e-07
476.04 2.43839e-07
476.24 2.3956e-07
476.44 2.32121e-07
476.64 2.28728e-07
476.84 2.35057e-07
477.04 2.41643e-07
477.24 2.436e-07
477.44 2.46854e-07
477.64 2.51787e-07
477.84 2.53897e-07
478.04 2.53524e-07
478.241 2.4969e-07
478.441 2.45107e-07
478.641 2.40818e-07
478.841 2.39296e-07
479.041 2.40095e-07
479.242 2.44899e-07
479.442 2.52457e-07
479.642 2.55969e-07
479.842 2.51983e-07
480.043 2.45635e-07
480.243 2.48037e-07
480.443 2.49601e-07
480.644 2.46473e-07
480.844 2.44477e-07
481.044 2.46683e-07
481.245 2.48114e-07
481.445 2.51604e-07
481.645 2.55079e-07
481.846 2.5752e-07
482.046 2.56945e-07
482.247 2.50666e-07
482.447 2.45644e-07
482.648 2.47842e-07
482.848 2.4986e-07
483.049 2.47915e-07
483.249 2.46504e-07
483.45 2.48671e-07
483.65 2.4932e-07
483.851 2.46712e-07
484.051 2.4107e-07
484.252 2.39319e-07
484.453 2.43241e-07
484.653 2.4716e-07
484.854 2.46145e-07
485.055 2.44388e-07
485.255 2.42738e-07
485.456 2.34685e-07
485.657 2.23532e-07
485.857 2.10401e-07
486.058 1.84618e-07
486.259 1.72442e-07
486.46 1.9013e-07
486.661 2.16327e-07
486.861 2.27998e-07
487.062 2.22268e-07
487.263 2.16277e-07
487.464 2.22861e-07
487.665 2.32757e-07
487.866 2.39201e-07
488.067 2.44693e-07
488.267 2.45067e-07
488.468 2.40446e-07
488.669 2.33816e-07
488.87 2.27962e-07
489.071 2.20611e-07
489.272 2.2518e-07
489.473 2.43517e-07
489.674 2.58075e-07
489.875 2.57921e-07
490.077 2.54038e-07
490.278 2.49088e-07
490.479 2.48544e-07
490.68 2.50901e-07
490.881 2.47654e-07
491.082 2.38801e-07
491.283 2.39728e-07
491.484 2.49078e-07
491.686 2.49248e-07
491.887 2.29033e-07
492.088 2.14255e-07
492.289 2.20505e-07
492.491 2.33874e-07
492.692 2.44118e-07
492.893 2.52105e-07
493.095 2.55818e-07
493.296 2.48454e-07
493.497 2.42357e-07
493.699 2.37853e-07
493.9 2.33269e-07
494.101 2.38895e-07
494.303 2.51648e-07
494.504 2.57223e-07
494.706 2.55136e-07
494.907 2.56903e-07
495.109 2.58349e-07
495.31 2.57458e-07
495.512 2.52325e-07
495.713 2.34101e-07
495.915 2.33493e-07
496.117 2.47381e-07
496.318 2.60993e-07
496.52 2.56494e-07
496.722 2.50328e-07
496.923 2.46791e-07
497.125 2.48653e-07
497.327 2.53458e-07
497.528 2.58062e-07
497.73 2.55415e-07
660.304 4.55671e-07
660.434 4.59517e-07
660.564 4.60829e-07
660.694 4.63707e-07
660.824 4.68627e-07
660.954 4.69455e-07
661.084 4.72718e-07
661.214 4.82222e-07
661.344 4.93283e-07
661.473 4.98355e-07
661.603 5.06479e-07
661.733 5.14051e-07
661.863 5.19661e-07
661.993 5.24562e-07
662.123 5.30767e-07
662.253 5.37274e-07
662.382 5.41222e-07
662.512 5.40019e-07
662.642 5.39163e-07
662.772 5.3602e-07
662.901 5.37665e-07
663.031 5.38682e-07
663.161 5.3948e-07
663.291 5.36793e-07
663.42 5.24722e-07
663.55 5.16696e-07
663.68 5.22231e-07
663.809 5.37549e-07
663.939 5.44112e-07
664.069 5.42422e-07
664.198 5.42591e-07
664.328 5.41761e-07
664.458 5.34075e-07
664.587 5.31571e-07
664.717 5.39253e-07
664.846 5.45687e-07
664.976 5.48274e-07
665.105 5.49407e-07
665.235 5.50626e-07
665.365 5.50684e-07
665.494 5.49553e-07
665.624 5.5014e-07
665.753 5.51314e-07
665.883 5.52535e-07
666.012 5.5316e-07
666.141 5.50834e-07
666.271 5.46666e-07
666.4 5.35351e-07
666.53 5.32669e-07
666.659 5.38245e-07
666.789 5.47426e-07
666.918 5.47623e-07
667.047 5.49609e-07
667.177 5.52137e-07
667.306 5.53761e-07
667.435 5.53285e-07
667.565 5.55583e-07
667.694 5.5639e-07
667.823 5.42211e-07
667.953 5.33925e-07
668.082 5.36537e-07
668.211 5.52122e-07
668.34 5.55984e-07
668.47 5.57775e-07
668.599 5.57767e-07
668.728 5.59568e-07
668.857 5.59429e-07
668.986 5.6074e-07
669.116 5.59661e-07
669.245 5.59455e-07
669.374 5.58726e-07
669.503 5.59598e-07
669.632 5.5552e-07
669.761 5.50046e-07
669.891 5.48869e-07
670.02 5.51826e-07
670.149 5.54943e-07
670.278 5.59167e-07
670.407 5.55865e-07
670.536 5.51038e-07
670.665 5.49387e-07
670.794 5.53899e-07
670.923 5.6056e-07
671.052 5.58426e-07
671.181 5.60074e-07
671.31 5.57407e-07
671.439 5.54126e-07
671.568 5.52235e-07
671.697 5.5015e-07
671.826 5.38912e-07
671.955 5.3828e-07
672.084 5.43487e-07
672.213 5.53965e-07
672.342 5.54312e-07
672.471 5.56532e-07
672.6 5.60179e-07
672.729 5.5655e-07
672.857 5.56976e-07
672.986 5.58288e-07
673.115 5.64485e-07
673.244 5.64314e-07
673.373 5.61372e-07
673.502 5.61155e-07
673.631 5.61633e-07
673.759 5.63444e-07
673.888 5.59043e-07
674.017 5.58176e-07
674.146 5.58315e-07
674.274 5.622e-07
674.403 5.61184e-07
674.532 5.60558e-07
674.661 5.6199e-07
674.789 5.63392e-07
674.918 5.61633e-07
675.047 5.54997e-07
675.175 5.53342e-07
675.304 5.53265e-07
675.433 5.59301e-07
675.562 5.61397e-07
675.69 5.63487e-07
675.819 5.62989e-07
675.947 5.64284e-07
676.076 5.66975e-07
676.205 5.673e-07
676.333 5.70033e-07
676.462 5.70237e-07
676.59 5.6977e-07
676.719 5.67552e-07
676.848 5.56914e-07
676.976 5.56761e-07
677.105 5.61234e-07
677.233 5.63207e-07
677.362 5.60591e-07
677.49 5.61857e-07
677.619 5.68803e-07
677.747 5.71021e-07
677.876 5.70034e-07
678.004 5.71195e-07
678.133 5.71739e-07
678.261 5.71632e-07
678.389 5.67521e-07
678.518 5.64188e-07
678.646 5.62577e-07
678.775 5.62776e-07
678.903 5.66333e-07
679.031 5.69982e-07
679.16 5.72125e-07
679.288 5.72937e-07
679.417 5.69332e-07
679.545 5.67823e-07
679.673 5.64249e-07
679.802 5.666e-07
679.93 5.67161e-07
680.058 5.69957e-07
680.187 5.70663e-07
680.315 5.73443e-07
680.443 5.70726e-07
680.571 5.68956e-07
680.7 5.67658e-07
680.828 5.69306e-07
680.956 5.67478e-07
681.084 5.66123e-07
681.213 5.66401e-07
681.341 5.68792e-07
681.469 5.71881e-07
681.597 5.69614e-07
681.725 5.71328e-07
681.854 5.74386e-07
681.982 5.75594e-07
682.11 5.69285e-07
682.238 5.69218e-07
682.366 5.72762e-07
682.494 5.7818e-07
682.622 5.77993e-07
682.751 5.76993e-07
682.879 5.70287e-07
683.007 5.65704e-07
683.135 5.67612e-07
683.263 5.75324e-07
683.391 5.76226e-07
683.519 5.75556e-07
683.647 5.75235e-07
683.775 5.73326e-07
683.903 5.68853e-07
684.031 5.62058e-07
684.159 5.54129e-07
684.287 5.48843e-07
684.415 5.44599e-07
684.543 5.55541e-07
684.671 5.68073e-07
684.799 5.767e-07
684.927 5.75217e-07
685.055 5.75438e-07
685.183 5.75343e-07
685.311 5.76849e-07
685.439 5.7709e-07
685.566 5.6538e-07
685.694 5.58802e-07
685.822 5.5706e-07
685.95 5.65669e-07
686.078 5.67696e-07
686.206 5.70544e-07
686.334 5.67996e-07
686.461 5.70605e-07
686.589 5.75401e-07
686.717 5.52447e-07
686.845 4.34128e-07
686.973 3.00568e-07
687.1 2.4363e-07
687.228 2.70814e-07
687.356 2.91084e-07
687.484 3.07765e-07
687.612 3.32028e-07
687.739 3.56507e-07
687.867 3.90784e-07
687.995 4.15043e-07
688.122 4.62612e-07
688.25 5.06213e-07
688.378 5.29925e-07
688.505 5.14058e-07
688.633 4.74813e-07
688.761 4.48006e-07
688.888 4.42763e-07
689.016 4.30742e-07
689.144 4.41588e-07
689.271 4.41405e-07
689.399 4.385e-07
689.527 4.43349e-07
689.654 4.54242e-07
689.782 4.45072e-07
689.909 4.5449e-07
690.037 4.8101e-07
690.164 4.62441e-07
690.292 4.67185e-07
690.42 5.00446e-07
690.547 4.83241e-07
690.675 4.69727e-07
690.802 5.04947e-07
690.93 5.14237e-07
691.057 4.91144e-07
691.185 5.04849e-07
691.312 5.39973e-07
691.44 5.11742e-07
691.567 4.92924e-07
691.694 5.11157e-07
691.822 5.37974e-07
691.949 5.14375e-07
692.077 5.18177e-07
692.204 5.45009e-07
692.331 5.61045e-07
692.459 5.30251e-07
692.586 5.17655e-07
692.714 5.32557e-07
692.841 5.58085e-07
692.968 5.37964e-07
693.096 5.22888e-07
693.223 5.20846e-07
693.35 5.4243e-07
693.478 5.3665e-07
693.605 5.31671e-07
693.732 5.46312e-07
693.86 5.4989e-07
693.987 5.42652e-07
694.114 5.17799e-07
694.241 5.10191e-07
694.369 5.18319e-07
694.496 5.31907e-07
694.623 5.44864e-07
694.75 5.49718e-07
694.878 5.37451e-07
695.005 5.30913e-07
695.132 5.40932e-07
695.259 5.52279e-07
695.386 5.50488e-07
695.513 5.56613e-07
695.641 5.4555e-07
695.768 5.395e-07
695.895 5.42189e-07
696.022 5.51651e-07
696.149 5.48516e-07
696.276 5.45358e-07
696.403 5.60848e-07
696.53 5.73207e-07
696.657 5.72523e-07
696.785 5.7603e-07
696.912 5.86559e-07
697.039 5.89438e-07
697.166 5.80891e-07
697.293 5.76878e-07
697.42 5.78887e-07
697.547 5.84985e-07
697.674 5.76556e-07
697.801 5.60365e-07
697.928 5.41832e-07
698.055 5.44442e-07
698.182 5.53838e-07
698.309 5.7194e-07
698.436 5.81331e-07
698.563 5.83832e-07
698.69 5.70597e-07
698.816 5.60164e-07
698.943 5.43519e-07
699.07 5.45892e-07
699.197 5.50997e-07
699.324 5.6448e-07
699.451 5.54456e-07
699.578 5.52872e-07
699.705 5.65998e-07
699.831 5.8146e-07
699.958 5.58274e-07
700.085 5.42707e-07
700.212 5.4947e-07
700.339 5.71271e-07
700.466 5.61072e-07
700.592 5.30777e-07
700.719 5.21117e-07
700.846 5.39456e-07
700.973 5.6612e-07
701.099 5.68809e-07
701.226 5.59762e-07
701.353 5.56998e-07
701.48 5.68528e-07
701.606 5.63377e-07
701.733 5.2769e-07
701.86 5.19236e-07
701.987 5.43278e-07
702.113 5.72121e-07
702.24 5.75703e-07
702.367 5.57654e-07
702.493 5.40935e-07
702.62 5.413e-07
702.746 5.47134e-07
702.873 5.4096e-07
703 5.44567e-07
703.126 5.70289e-07
703.253 5.84623e-07
703.379 5.88056e-07
703.506 5.84743e-07
703.633 5.80574e-07
703.759 5.73112e-07
703.886 5.61613e-07
704.012 5.44915e-07
704.139 5.51033e-07
704.265 5.69076e-07
704.392 5.88389e-07
704.518 5.86997e-07
704.645 5.88205e-07
704.771 5.84982e-07
704.898 5.88473e-07
705.024 5.88461e-07
705.151 5.81631e-07
705.277 5.69921e-07
705.404 5.61235e-07
705.53 5.68361e-07
705.656 5.77833e-07
705.783 5.78628e-07
705.909 5.77606e-07
706.036 5.79222e-07
706.162 5.76474e-07
706.288 5.78032e-07
706.415 5.80233e-07
706.541 5.83213e-07
706.667 5.79182e-07
706.794 5.78935e-07
706.92 5.70924e-07
707.046 5.76191e-07
707.173 5.82017e-07
707.299 5.87852e-07
707.425 5.86894e-07
707.552 5.88952e-07
707.678 5.93223e-07
707.804 5.91047e-07
707.93 5.85211e-07
708.057 5.82357e-07
708.183 5.8714e-07
708.309 5.94264e-07
708.435 5.89812e-07
708.561 5.75998e-07
708.688 5.75397e-07
708.814 5.77445e-07
708.94 5.82083e-07
709.066 5.78742e-07
709.192 5.78968e-07
709.318 5.80895e-07
709.444 5.86251e-07
709.571 5.86995e-07
709.697 5.86314e-07
709.823 5.85257e-07
709.949 5.88684e-07
710.075 5.88722e-07
710.201 5.90719e-07
710.327 5.91798e-07
710.453 5.93195e-07
710.579 5.95065e-07
710.705 5.93198e-07
710.831 5.89544e-07
710.957 5.88878e-07
711.083 5.90833e-07
711.209 5.84923e-07
711.335 5.8228e-07
711.461 5.84395e-07
711.587 5.89686e-07
711.713 5.92791e-07
711.839 5.9036e-07
711.965 5.88404e-07
712.091 5.86838e-07
712.217 5.87222e-07
712.343 5.76491e-07
712.469 5.79753e-07
712.595 5.91796e-07
712.721 5.98077e-07
712.846 5.93881e-07
712.972 5.88139e-07
713.098 5.80036e-07
713.224 5.73675e-07
713.35 5.72417e-07
713.476 5.83074e-07
713.602 5.91515e-07
713.727 5.97853e-07
713.853 5.97283e-07
713.979 5.95064e-07
714.105 5.95107e-07
714.23 5.96187e-07
714.356 5.88247e-07
714.482 5.88643e-07
714.608 5.86885e-07
714.733 5.8803e-07
714.859 5.64223e-07
714.985 5.59837e-07
715.111 5.55935e-07
715.236 5.74156e-07
715.362 5.79511e-07
715.488 5.90478e-07
715.613 5.89487e-07
715.739 5.85093e-07
715.865 5.83804e-07
715.99 5.81864e-07
716.116 5.84362e-07
716.241 5.84707e-07
716.367 5.84179e-07
716.493 5.56045e-07
716.618 5.33597e-07
716.744 5.15261e-07
716.869 5.04083e-07
716.995 5.10528e-07
717.12 5.02167e-07
717.246 5.13192e-07
717.372 4.73862e-07
717.497 4.66159e-07
717.623 4.71092e-07
717.748 4.77247e-07
717.874 4.47563e-07
717.999 4.61914e-07
718.125 5.17186e-07
718.25 4.91268e-07
718.375 4.90971e-07
718.501 4.64391e-07
718.626 4.60927e-07
718.752 3.72899e-07
718.877 3.91662e-07
719.003 4.45474e-07
719.128 5.26638e-07
719.253 4.79082e-07
719.379 4.26351e-07
719.504 4.07544e-07
719.629 4.47448e-07
719.755 4.84487e-07
719.88 4.76949e-07
720.005 4.82607e-07
720.131 4.43881e-07
720.256 4.28165e-07
720.381 4.35352e-07
720.507 4.62828e-07
720.632 4.76007e-07
720.757 4.41053e-07
720.882 4.744e-07
721.008 4.94043e-07
721.133 5.36309e-07
721.258 5.41477e-07
721.383 5.70077e-07
721.509 5.81365e-07
721.634 5.77349e-07
721.759 5.53521e-07
721.884 5.42753e-07
722.009 5.53273e-07
722.134 5.6929e-07
722.26 5.8066e-07
722.385 5.60375e-07
722.51 5.39842e-07
722.635 5.42035e-07
722.76 5.60407e-07
722.885 5.43933e-07
723.01 5.4477e-07
723.135 5.68252e-07
723.26 5.60646e-07
723.385 5.00492e-07
723.511 4.39264e-07
723.636 4.21118e-07
723.761 4.49653e-07
723.886 5.22525e-07
724.011 5.54471e-07
724.136 4.8942e-07
724.261 4.73444e-07
724.386 4.72433e-07
724.511 4.9616e-07
724.636 4.6906e-07
724.761 4.96806e-07
724.885 5.21645e-07
725.01 5.37509e-07
725.135 5.36419e-07
725.26 5.0644e-07
725.385 4.38514e-07
725.51 4.27789e-07
725.635 4.86664e-07
725.76 5.49616e-07
725.885 5.28405e-07
726.01 5.21428e-07
726.134 5.28291e-07
726.259 5.18506e-07
726.384 5.05151e-07
726.509 4.93416e-07
726.634 4.60917e-07
726.758 4.75159e-07
726.883 5.30545e-07
727.008 5.69354e-07
727.133 5.50051e-07
727.258 5.47121e-07
727.382 5.18111e-07
727.507 5.14307e-07
727.632 4.82538e-07
727.757 4.5456e-07
727.881 4.13008e-07
728.006 4.5293e-07
728.131 5.20685e-07
728.255 5.4908e-07
728.38 5.37382e-07
728.505 5.45784e-07
728.629 5.64792e-07
728.754 5.67171e-07
728.879 5.22166e-07
729.003 4.86437e-07
729.128 4.48309e-07
729.252 4.49923e-07
729.377 4.46787e-07
729.502 4.87375e-07
729.626 5.03512e-07
729.751 5.39707e-07
729.875 5.67704e-07
730 5.72096e-07
730.124 5.46295e-07
730.249 5.32145e-07
730.373 5.07438e-07
730.498 4.72659e-07
730.622 4.83705e-07
730.747 5.35644e-07
730.871 5.63339e-07
730.996 5.31383e-07
731.12 4.97135e-07
731.245 4.93346e-07
731.369 5.14625e-07
731.494 5.46696e-07
731.618 5.52785e-07
731.742 5.50596e-07
731.867 5.14754e-07
731.991 5.04718e-07
732.116 5.23905e-07
732.24 5.65948e-07
732.364 5.84267e-07
732.489 5.85908e-07
732.613 5.80003e-07
732.737 5.57174e-07
732.862 5.5119e-07
732.986 5.62312e-07
733.11 5.77443e-07
733.234 5.77949e-07
733.359 5.6305e-07
733.483 5.5885e-07
733.607 5.52413e-07
733.732 5.7421e-07
733.856 5.92896e-07
733.98 6.09152e-07
734.104 6.07297e-07
734.228 6.0309e-07
734.353 6.02993e-07
734.477 5.86048e-07
734.601 5.75309e-07
734.725 5.7831e-07
734.849 5.93844e-07
734.973 5.85595e-07
735.098 5.679e-07
735.222 5.64742e-07
735.346 5.79388e-07
735.47 5.84692e-07
735.594 5.8511e-07
735.718 5.72814e-07
735.842 5.70875e-07
735.966 5.79829e-07
736.09 5.84998e-07
736.214 5.75974e-07
736.338 5.67005e-07
736.462 5.64294e-07
736.586 5.72214e-07
736.71 5.75948e-07
736.834 5.90187e-07
736.958 5.82183e-07
737.082 5.77655e-07
737.206 5.77473e-07
737.33 5.91373e-07
737.454 5.9454e-07
737.578 5.95654e-07
737.702 5.94884e-07
737.826 5.93954e-07
737.95 5.95137e-07
738.074 6.0194e-07
738.198 6.03028e-07
738.322 5.92958e-07
738.445 5.76404e-07
738.569 5.76341e-07
738.693 5.75904e-07
738.817 5.73177e-07
738.941 5.67011e-07
739.065 5.60622e-07
739.188 5.65805e-07
739.312 5.79857e-07
739.436 5.82599e-07
739.56 5.90652e-07
739.684 5.86087e-07
739.807 5.91092e-07
739.931 5.94824e-07
740.055 5.97501e-07
740.179 5.94208e-07
740.302 5.89348e-07
740.426 5.99806e-07
740.55 6.0861e-07
740.673 5.9722e-07
740.797 5.95729e-07
740.921 5.90235e-07
741.044 5.84023e-07
741.168 5.66456e-07
741.292 5.73291e-07
741.415 5.9006e-07
741.539 5.97809e-07
741.663 5.80257e-07
741.786 5.7725e-07
741.91 5.88002e-07
742.033 6.02714e-07
742.157 6.02712e-07
742.281 5.94589e-07
742.404 5.76845e-07
742.528 5.71767e-07
742.651 5.87407e-07
742.775 6.0519e-07
742.898 6.13496e-07
743.022 6.15276e-07
743.145 6.09466e-07
743.269 6.05597e-07
743.392 6.05011e-07
743.516 6.12059e-07
743.639 6.1239e-07
743.762 6.11785e-07
743.886 6.11126e-07
744.009 6.13957e-07
744.133 6.05979e-07
744.256 6.00829e-07
744.379 5.94234e-07
744.503 6.0482e-07
744.626 5.92513e-07
744.75 5.87303e-07
744.873 5.83054e-07
744.996 6.00338e-07
745.12 6.06414e-07
745.243 6.11893e-07
745.366 6.14113e-07
745.49 6.13404e-07
745.613 6.13614e-07
745.736 6.14057e-07
745.859 6.14473e-07
745.983 6.15013e-07
746.106 6.13778e-07
746.229 6.06679e-07
746.352 5.89434e-07
746.476 5.89601e-07
746.599 6.01291e-07
746.722 6.12248e-07
746.845 6.15597e-07
746.968 6.1563e-07
747.092 6.16293e-07
747.215 6.1635e-07
747.338 6.13539e-07
747.461 6.10117e-07
747.584 6.09088e-07
747.707 6.08185e-07
747.83 6.08982e-07
747.953 6.08279e-07
748.077 6.12112e-07
748.2 6.13256e-07
748.323 6.07043e-07
748.446 6.06297e-07
748.569 6.10191e-07
748.692 6.12724e-07
748.815 6.14728e-07
748.938 6.1434e-07
749.061 6.14504e-07
749.184 6.09373e-07
749.307 6.0329e-07
749.43 6.01498e-07
749.553 5.88942e-07
749.676 5.79918e-07
749.799 5.84012e-07
749.922 6.06743e-07
750.045 6.12256e-07
750.167 6.12468e-07
750.29 6.13541e-07
750.413 6.14135e-07
750.536 6.1312e-07
750.659 6.10227e-07
750.782 6.02066e-07
750.905 6.00679e-07
751.028 6.0567e-07
751.15 5.93985e-07
751.273 5.79716e-07
751.396 5.80132e-07
751.519 6.05993e-07
751.642 6.11644e-07
751.765 6.1134e-07
751.887 6.1465e-07
752.01 6.16375e-07
752.133 6.1599e-07
752.256 6.15142e-07
752.378 6.00671e-07
752.501 5.96604e-07
752.624 5.90845e-07
752.746 6.02408e-07
752.869 6.07218e-07
752.992 6.14213e-07
753.115 6.12231e-07
753.237 5.96974e-07
753.36 5.94637e-07
753.482 6.01548e-07
753.605 6.13127e-07
753.728 6.16427e-07
753.85 6.17082e-07
753.973 6.17099e-07
754.096 6.16174e-07
754.218 6.14627e-07
754.341 6.13965e-07
754.463 6.14815e-07
754.586 6.15932e-07
754.708 6.09136e-07
754.831 6.04149e-07
754.953 6.05201e-07
755.076 6.1331e-07
755.198 6.14039e-07
755.321 6.15132e-07
755.443 6.14139e-07
755.566 6.0735e-07
755.688 5.97139e-07
755.811 5.97914e-07
755.933 6.04381e-07
756.056 6.07767e-07
756.178 6.06947e-07
756.3 6.09798e-07
756.423 6.13139e-07
756.545 6.13342e-07
756.668 6.13607e-07
756.79 6.12609e-07
756.912 6.06154e-07
757.035 5.97709e-07
757.157 6.00551e-07
757.279 6.09104e-07
757.402 6.11364e-07
757.524 6.00766e-07
757.646 6.00439e-07
757.769 6.07511e-07
757.891 6.16113e-07
758.013 6.15455e-07
758.135 6.13824e-07
758.258 6.1393e-07
758.38 6.08434e-07
758.502 5.96697e-07
758.624 5.88674e-07
758.746 5.80179e-07
758.869 5.84459e-07
758.991 5.95859e-07
759.113 6.04633e-07
759.235 6.06576e-07
759.357 5.96081e-07
759.479 4.8247e-07
759.602 3.1064e-07
759.724 1.4628e-07
759.846 9.4466e-08
759.968 8.23864e-08
760.09 7.06143e-08
760.212 5.05001e-08
760.334 3.37393e-08
760.456 2.5274e-08
760.578 1.98179e-08
760.7 1.75474e-08
760.822 1.9052e-08
760.944 2.35486e-08
761.066 2.60753e-08
761.188 4.28839e-08
761.31 4.93433e-08
761.432 7.96705e-08
761.554 1.10849e-07
761.676 1.42695e-07
761.798 2.27552e-07
761.92 3.6547e-07
762.042 4.6652e-07
762.164 3.88842e-07
762.286 3.0273e-07
762.408 2.04996e-07
762.53 1.64801e-07
762.651 1.52405e-07
762.773 1.56439e-07
762.895 1.37445e-07
763.017 1.30331e-07
763.139 1.58521e-07
763.261 1.44873e-07
763.383 1.22117e-07
763.504 1.76194e-07
763.626 1.81923e-07
763.748 1.33769e-07
763.87 1.74758e-07
763.991 2.33346e-07
764.113 1.97149e-07
764.235 1.58952e-07
764.357 2.47661e-07
764.478 2.91619e-07
764.6 2.1662e-07
764.722 2.02815e-07
764.843 3.16834e-07
764.965 3.53881e-07
765.087 2.57016e-07
765.208 2.44404e-07
765.33 3.68589e-07
765.452 4.24279e-07
765.573 3.2437e-07
765.695 2.88733e-07
765.816 3.81659e-07
765.938 4.72328e-07
766.06 3.91919e-07
766.181 3.28147e-07
766.303 3.82905e-07
766.424 5.03222e-07
766.546 4.94746e-07
766.667 4.06118e-07
766.789 4.0265e-07
766.91 4.97221e-07
767.032 5.71842e-07
767.153 5.18006e-07
767.275 4.59364e-07
767.396 4.8091e-07
767.518 5.56367e-07
767.639 5.99041e-07
767.76 5.52903e-07
767.882 5.11456e-07
768.003 5.23042e-07
768.125 5.64484e-07
768.246 5.93689e-07
768.367 5.65787e-07
768.489 5.47822e-07
768.61 5.51617e-07
768.731 5.87964e-07
768.853 6.10937e-07
768.974 5.91804e-07
769.095 5.64233e-07
769.217 5.47503e-07
769.338 5.63095e-07
769.459 5.8777e-07
769.58 6.04437e-07
769.702 5.92515e-07
769.823 5.82523e-07
769.944 5.72264e-07
770.065 5.77907e-07
770.187 5.86751e-07
770.308 6.06323e-07
770.429 6.05844e-07
770.55 6.03115e-07
770.671 6.08712e-07
770.792 6.17497e-07
770.914 6.197e-07
771.035 6.13803e-07
771.156 5.98769e-07
771.277 5.90328e-07
771.398 5.93991e-07
771.519 5.88817e-07
771.64 5.85096e-07
771.761 5.87279e-07
771.882 6.03738e-07
772.003 6.09119e-07
772.124 6.0888e-07
772.245 6.10046e-07
772.366 6.06403e-07
772.487 6.03283e-07
772.608 6.02501e-07
772.729 6.11341e-07
772.85 6.00678e-07
772.971 6.00975e-07
773.092 6.02897e-07
773.213 6.15112e-07
773.334 6.13742e-07
773.455 6.11262e-07
773.576 6.10885e-07
773.697 6.13181e-07
773.817 6.15354e-07
773.938 6.16942e-07
774.059 6.1749e-07
774.18 6.17308e-07
774.301 6.07573e-07
774.422 5.945e-07
774.542 5.94266e-07
774.663 6.02435e-07
774.784 6.07523e-07
774.905 5.90461e-07
775.025 5.79037e-07
775.146 5.7876e-07
775.267 5.98499e-07
775.388 6.07937e-07
775.508 6.14282e-07
775.629 6.14941e-07
775.75 6.14856e-07
775.87 6.15695e-07
775.991 6.15415e-07
776.112 6.11869e-07
776.232 6.10441e-07
776.353 6.117e-07
776.473 6.15018e-07
776.594 6.16852e-07
776.715 6.17334e-07
776.835 6.17508e-07
776.956 6.19073e-07
777.076 6.18286e-07
777.197 6.15394e-07
777.317 6.04805e-07
777.438 6.00357e-07
777.558 5.9428e-07
777.679 5.97276e-07
777.799 6.02632e-07
777.92 6.1234e-07
778.04 6.12848e-07
778.161 5.94765e-07
778.281 5.92089e-07
778.402 5.98852e-07
778.522 6.16201e-07
778.642 6.18281e-07
778.763 6.17846e-07
778.883 6.15467e-07
779.003 6.01305e-07
779.124 6.01143e-07
779.244 6.05501e-07
779.365 6.16557e-07
779.485 6.17841e-07
779.605 6.18268e-07
779.725 6.18193e-07
779.846 6.05082e-07
779.966 5.99497e-07
780.086 5.91895e-07
780.206 5.99144e-07
780.327 6.0313e-07
780.447 6.1216e-07
780.567 6.15172e-07
780.687 6.15782e-07
780.807 6.12804e-07
780.928 6.04141e-07
781.048 6.03768e-07
781.168 5.99857e-07
781.288 6.0041e-07
781.408 6.01623e-07
781.528 6.09445e-07
781.648 6.15071e-07
781.768 6.14564e-07
781.888 6.15294e-07
782.008 6.15588e-07
782.128 6.15127e-07
782.248 6.144e-07
782.369 6.14309e-07
782.489 6.14858e-07
782.609 6.15152e-07
782.728 6.13114e-07
782.848 6.12308e-07
782.968 6.1046e-07
783.088 6.12594e-07
783.208 6.07557e-07
783.328 5.85383e-07
783.448 5.80403e-07
783.568 5.83638e-07
783.688 5.88639e-07
783.808 5.87291e-07
783.927 5.91128e-07
784.047 6.03168e-07
784.167 6.03545e-07
784.287 6.04121e-07
784.407 6.0244e-07
2300.48 8.40552e-08
2300.57 8.31039e-08
2300.65 7.46105e-08
2300.73 6.53843e-08
2300.82 6.86529e-08
2300.9 7.43581e-08
2300.98 8.3844e-08
2301.07 8.83724e-08
2301.15 9.37176e-08
2301.23 9.86851e-08
2301.32 1.04395e-07
2301.4 1.08792e-07
2301.49 1.06979e-07
2301.57 1.04409e-07
2301.65 1.05528e-07
2301.74 1.03179e-07
2301.82 1.01893e-07
2301.9 1.03859e-07
2301.99 1.08162e-07
2302.07 1.03457e-07
2302.16 8.93726e-08
2302.24 8.28218e-08
2302.32 9.06254e-08
2302.41 1.00112e-07
2302.49 1.0339e-07
2302.57 9.73922e-08
2302.66 8.68503e-08
2302.74 7.94481e-08
2302.83 8.24285e-08
2302.91 9.4001e-08
2302.99 1.02658e-07
2303.08 1.029e-07
2303.16 1.0405e-07
2303.25 1.03992e-07
2303.33 1.0029e-07
2303.41 9.3024e-08
2303.5 8.01559e-08
2303.58 6.728e-08
2303.67 6.57119e-08
2303.75 6.80971e-08
2303.84 6.85748e-08
2303.92 6.88508e-08
2304 8.183e-08
2304.09 9.49016e-08
2304.17 1.01665e-07
2304.26 9.9941e-08
2304.34 8.66448e-08
2304.43 6.45837e-08
2304.51 5.86515e-08
2304.59 7.0012e-08
2304.68 8.37433e-08
2304.76 8.93846e-08
2304.85 8.98385e-08
2304.93 8.29193e-08
2305.02 8.5788e-08
2305.1 9.74426e-08
2305.19 1.09819e-07
2305.27 1.11676e-07
2305.35 1.03406e-07
2305.44 8.55385e-08
2305.52 7.42972e-08
2305.61 8.08574e-08
2305.69 9.56855e-08
2305.78 1.02219e-07
2305.86 1.02825e-07
2305.95 1.00215e-07
2306.03 9.10695e-08
2306.12 8.87036e-08
2306.2 9.70162e-08
2306.29 1.03017e-07
2306.37 1.02821e-07
2306.46 9.97643e-08
2306.54 8.93967e-08
2306.63 8.23564e-08
2306.71 9.02361e-08
2306.8 1.01595e-07
2306.88 1.02885e-07
2306.97 1.0123e-07
2307.05 1.02074e-07
2307.14 1.06188e-07
2307.22 1.11034e-07
2307.31 1.10552e-07
2307.39 9.87432e-08
2307.48 7.44575e-08
2307.56 5.45131e-08
2307.65 5.44474e-08
2307.73 7.79453e-08
2307.82 9.73249e-08
2307.9 1.06243e-07
2307.99 1.03782e-07
2308.07 9.95172e-08
2308.16 1.01693e-07
2308.24 1.06278e-07
2308.33 1.0529e-07
2308.41 1.03589e-07
2308.5 1.08095e-07
2308.58 1.12686e-07
2308.67 1.11755e-07
2308.75 1.07238e-07
2308.84 1.03401e-07
2308.92 9.84004e-08
2309.01 9.6981e-08
2309.1 1.00332e-07
2309.18 1.07642e-07
2309.27 1.08662e-07
2309.35 1.00546e-07
2309.44 9.13941e-08
2309.52 9.371e-08
2309.61 1.01232e-07
2309.69 1.01805e-07
2309.78 1.03758e-07
2309.87 1.08085e-07
2309.95 1.02576e-07
2310.04 9.64362e-08
2310.12 9.85055e-08
2310.21 1.07326e-07
2310.29 1.10481e-07
2310.38 1.12054e-07
2310.47 1.13472e-07
2310.55 1.15179e-07
2310.64 1.15982e-07
2310.72 1.15153e-07
2310.81 1.14865e-07
2310.89 1.14921e-07
2310.98 1.15783e-07
2311.07 1.16577e-07
2311.15 1.15785e-07
2311.24 1.14164e-07
2311.32 1.13776e-07
2311.41 1.14809e-07
2311.5 1.12991e-07
2311.58 1.10464e-07
2311.67 1.08826e-07
2311.75 1.09464e-07
2311.84 1.12006e-07
2311.93 1.12404e-07
2312.01 1.10345e-07
2312.1 1.01509e-07
2312.18 8.84365e-08
2312.27 8.896e-08
2312.36 1.02864e-07
2312.44 1.11477e-07
2312.53 1.13414e-07
2312.62 1.14849e-07
2312.7 1.16166e-07
2312.79 1.15897e-07
2312.87 1.15128e-07
2312.96 1.15771e-07
2313.05 1.15347e-07
2313.13 1.14331e-07
2313.22 1.15375e-07
2313.31 1.15512e-07
2313.39 1.15669e-07
2313.48 1.14969e-07
2313.57 1.13491e-07
2313.65 1.12455e-07
2313.74 1.1249e-07
2313.83 1.1293e-07
2313.91 1.14302e-07
2314 1.1483e-07
2314.08 1.14863e-07
2314.17 1.14883e-07
2314.26 1.13669e-07
2314.34 1.14609e-07
2314.43 1.15309e-07
2314.52 1.15054e-07
2314.6 1.13617e-07
2314.69 1.12895e-07
2314.78 1.10812e-07
2314.86 1.08527e-07
2314.95 1.04281e-07
2315.04 1.00636e-07
2315.12 1.00889e-07
2315.21 1.06721e-07
2315.3 1.11569e-07
2315.39 1.12507e-07
2315.47 1.12668e-07
2315.56 1.12431e-07
2315.65 1.09554e-07
2315.73 1.03365e-07
2315.82 9.36577e-08
2315.91 8.47043e-08
2315.99 7.58257e-08
2316.08 6.71903e-08
2316.17 6.16238e-08
2316.25 6.1944e-08
2316.34 6.81594e-08
2316.43 6.90453e-08
2316.52 6.37097e-08
2316.6 5.04498e-08
2316.69 4.37855e-08
2316.78 3.8398e-08
2316.86 3.53426e-08
2316.95 2.71822e-08
2317.04 2.63336e-08
2317.13 2.47406e-08
2317.21 2.8212e-08
2317.3 3.1579e-08
2317.39 4.7808e-08
2317.48 6.22641e-08
2317.56 7.04583e-08
2317.65 5.81661e-08
2317.74 4.53546e-08
2317.82 3.88514e-08
2317.91 4.04381e-08
2318 4.55033e-08
2318.09 5.0966e-08
2318.17 5.65866e-08
2318.26 5.68063e-08
2318.35 6.21843e-08
2318.44 6.46057e-08
2318.52 5.8743e-08
2318.61 5.25507e-08
2318.7 5.78626e-08
2318.79 6.63192e-08
2318.87 8.10183e-08
2318.96 8.84555e-08
2319.05 8.72839e-08
2319.14 7.85565e-08
2319.22 7.6014e-08
2319.31 8.15443e-08
2319.4 8.92003e-08
2319.49 8.53361e-08
2319.58 7.23114e-08
2319.66 7.17687e-08
2319.75 8.10903e-08
2319.84 8.32324e-08
2319.93 7.64658e-08
2320.01 8.17924e-08
2320.1 9.18811e-08
2320.19 9.27831e-08
2320.28 8.73887e-08
2320.37 8.47136e-08
2320.45 8.96514e-08
2320.54 9.62823e-08
2320.63 9.16514e-08
2320.72 8.07298e-08
2320.81 7.50743e-08
2320.89 7.79725e-08
2320.98 8.46775e-08
2321.07 9.03439e-08
2321.16 9.39324e-08
2321.25 9.87568e-08
2321.33 1.02468e-07
2321.42 9.57642e-08
2321.51 8.58849e-08
2321.6 8.85373e-08
2321.69 9.51359e-08
2321.77 8.69795e-08
2321.86 6.54869e-08
2321.95 4.20736e-08
2322.04 4.27217e-08
2322.13 6.25965e-08
2322.22 8.61744e-08
2322.3 9.86595e-08
2322.39 9.98859e-08
2322.48 8.86732e-08
2322.57 6.78481e-08
2322.66 5.04637e-08
2322.75 5.32707e-08
2322.83 6.88654e-08
2322.92 8.13704e-08
2323.01 8.28391e-08
2323.1 7.30375e-08
2323.19 5.85094e-08
2323.28 5.0205e-08
2323.36 6.4539e-08
2323.45 8.60279e-08
2323.54 9.84812e-08
2323.63 9.82816e-08
2323.72 9.35919e-08
2323.81 8.33769e-08
2323.9 7.39689e-08
2323.99 7.73456e-08
2324.07 8.82823e-08
2324.16 9.78749e-08
2324.25 1.01766e-07
2324.34 1.02535e-07
2324.43 1.01927e-07
2324.52 1.02325e-07
2324.61 1.03739e-07
2324.69 1.05896e-07
2324.78 1.04238e-07
2324.87 1.00827e-07
2324.96 1.00799e-07
2325.05 1.01381e-07
2325.14 1.00208e-07
2325.23 9.46711e-08
2325.32 8.30338e-08
2325.41 7.17799e-08
2325.49 7.01268e-08
2325.58 7.54143e-08
2325.67 7.59248e-08
2325.76 8.41076e-08
2325.85 9.6383e-08
2325.94 1.05696e-07
2326.03 1.07836e-07
2326.12 1.06536e-07
2326.21 1.03174e-07
2326.3 9.78531e-08
2326.38 8.5599e-08
2326.47 7.94068e-08
2326.56 8.25174e-08
2326.65 9.28865e-08
2326.74 9.64362e-08
2326.83 9.56954e-08
2326.92 9.63133e-08
2327.01 1.01145e-07
2327.1 1.05437e-07
2327.19 1.06901e-07
2327.28 1.07098e-07
2327.37 1.0483e-07
2327.45 1.03349e-07
2327.54 1.02621e-07
2327.63 1.00989e-07
2327.72 9.98091e-08
2327.81 9.91675e-08
2327.9 1.00685e-07
2327.99 1.02572e-07
2328.08 1.03736e-07
2328.17 1.0392e-07
2328.26 1.03123e-07
2328.35 9.78549e-08
2328.44 7.64935e-08
2328.53 4.57579e-08
2328.62 3.95742e-08
2328.71 6.46399e-08
2328.8 8.90392e-08
2328.89 9.70556e-08
2328.98 9.52479e-08
2329.06 8.8035e-08
2329.15 8.82096e-08
2329.24 8.93304e-08
2329.33 8.35431e-08
2329.42 8.35178e-08
2329.51 9.0068e-08
2329.6 9.174e-08
2329.69 9.49044e-08
2329.78 1.02711e-07
2329.87 1.07185e-07
2329.96 1.07748e-07
2330.05 1.08234e-07
2330.14 1.04121e-07
2330.23 9.97366e-08
2330.32 1.00189e-07
2330.41 1.04517e-07
2330.5 1.03716e-07
2330.59 9.84501e-08
2330.68 9.62773e-08
2330.77 9.59375e-08
2330.86 8.45964e-08
2330.95 7.98265e-08
2331.04 8.46384e-08
2331.13 8.77557e-08
2331.22 8.4669e-08
2331.31 9.12326e-08
2331.4 9.83393e-08
2331.49 9.93991e-08
2331.58 8.42372e-08
2331.67 6.36082e-08
2331.76 5.45485e-08
2331.85 6.28407e-08
2331.94 7.46494e-08
2332.03 8.50316e-08
2332.12 8.8698e-08
2332.21 8.14577e-08
2332.3 7.90087e-08
2332.39 8.77194e-08
2332.48 9.70053e-08
2332.57 9.69532e-08
2332.66 9.32585e-08
2332.75 8.96343e-08
2332.84 8.49923e-08
2332.93 8.62231e-08
2333.02 9.54722e-08
2333.11 1.03334e-07
2333.2 1.05121e-07
2333.29 1.0451e-07
2333.39 1.02982e-07
2333.48 1.01935e-07
2333.57 9.76315e-08
2333.66 9.37566e-08
2333.75 9.19624e-08
2333.84 9.26194e-08
2333.93 8.19067e-08
2334.02 7.085e-08
2334.11 7.50029e-08
2334.2 9.11079e-08
2334.29 9.60945e-08
2334.38 9.39846e-08
2334.47 8.60207e-08
2334.56 8.66691e-08
2334.65 9.27623e-08
2334.74 9.05901e-08
2334.83 7.69165e-08
2334.92 6.53437e-08
2335.02 6.59533e-08
2335.11 6.98397e-08
2335.2 7.27305e-08
2335.29 8.09053e-08
2335.38 9.05577e-08
2335.47 8.95134e-08
2335.56 8.80236e-08
2335.65 9.32673e-08
2335.74 9.8762e-08
2335.83 9.63347e-08
2335.92 8.50064e-08
2336.01 7.06805e-08
2336.1 6.26838e-08
2336.2 6.80455e-08
2336.29 7.84716e-08
2336.38 9.02082e-08
2336.47 9.79172e-08
2336.56 9.69975e-08
2336.65 9.31892e-08
2336.74 9.17867e-08
2336.83 9.03055e-08
2336.92 8.8496e-08
2337.01 9.49153e-08
2337.11 1.01115e-07
2337.2 1.00429e-07
2337.29 9.94458e-08
2337.38 9.43117e-08
2337.47 9.22414e-08
2337.56 9.40008e-08
2337.65 9.81733e-08
2337.74 9.71547e-08
2337.83 9.5375e-08
2337.93 9.17581e-08
2338.02 9.10854e-08
2338.11 8.42349e-08
2338.2 6.64232e-08
2338.29 5.22107e-08
2338.38 5.76912e-08
2338.47 7.03838e-08
2338.56 6.7325e-08
2338.66 6.10321e-08
2338.75 6.09446e-08
2338.84 5.69528e-08
2338.93 5.50735e-08
2339.02 6.65269e-08
2339.11 7.81845e-08
2339.2 8.58731e-08
2339.3 9.26482e-08
2339.39 9.33483e-08
2339.48 8.25607e-08
2339.57 7.29195e-08
2339.66 7.09064e-08
2339.75 7.52394e-08
2339.85 6.5466e-08
2339.94 4.69037e-08
2340.03 3.69848e-08
2340.12 3.72187e-08
2340.21 4.7318e-08
2340.3 4.72222e-08
2340.39 3.91011e-08
2340.49 4.92031e-08
2340.58 7.38167e-08
2340.67 8.49099e-08
2340.76 8.06007e-08
2340.85 7.4702e-08
2340.94 7.01587e-08
2341.04 5.84218e-08
2341.13 4.53054e-08
2341.22 4.58516e-08
2341.31 5.3235e-08
2341.4 5.50693e-08
2341.5 5.57621e-08
2341.59 6.53276e-08
2341.68 7.54957e-08
2341.77 8.34259e-08
2341.86 8.42204e-08
2341.95 6.95008e-08
2342.05 4.30963e-08
2342.14 4.21899e-08
2342.23 6.95496e-08
2342.32 9.0742e-08
2342.41 9.00215e-08
2342.51 7.7225e-08
2342.6 7.71564e-08
2342.69 8.79615e-08
2342.78 8.90053e-08
2342.87 8.51331e-08
2342.97 8.71127e-08
2343.06 8.95741e-08
2343.15 8.93526e-08
2343.24 8.07316e-08
2343.34 7.26643e-08
2343.43 7.0669e-08
2343.52 7.22482e-08
2343.61 7.54745e-08
2343.7 7.33263e-08
2343.8 6.04927e-08
2343.89 6.29865e-08
2343.98 8.10058e-08
2344.07 9.54837e-08
2344.17 9.94259e-08
2344.26 9.96026e-08
2344.35 9.56878e-08
2344.44 8.70715e-08
2344.53 7.97428e-08
2344.63 7.99058e-08
2344.72 7.14113e-08
2344.81 6.08354e-08
2344.9 5.16467e-08
2345 4.64821e-08
2345.09 4.52596e-08
2345.18 5.74421e-08
2345.27 7.21454e-08
2345.37 6.86039e-08
2345.46 6.20153e-08
2345.55 6.66513e-08
2345.64 7.5234e-08
2345.74 7.53191e-08
2345.83 7.27608e-08
2345.92 6.82676e-08
2346.01 7.45674e-08
2346.11 8.50977e-08
2346.2 9.60378e-08
2346.29 9.56935e-08
2346.38 8.79525e-08
2346.48 7.22695e-08
2346.57 7.0031e-08
2346.66 7.2591e-08
2346.75 5.73983e-08
2346.85 4.90587e-08
2346.94 6.37182e-08
2347.03 8.36543e-08
2347.13 8.67612e-08
2347.22 8.57462e-08
2347.31 8.41034e-08
2347.4 7.67879e-08
2347.5 6.023e-08
2347.59 4.64331e-08
2347.68 5.07863e-08
2347.78 6.3093e-08
2347.87 7.22231e-08
2347.96 6.78048e-08
2348.05 5.29191e-08
2348.15 3.64562e-08
2348.24 4.25342e-08
2348.33 6.14039e-08
2348.43 6.18884e-08
2348.52 5.3566e-08
2348.61 6.44248e-08
2348.7 8.14115e-08
2348.8 8.60079e-08
2348.89 8.93483e-08
2348.98 9.20887e-08
2349.08 8.58079e-08
2349.17 7.92531e-08
2349.26 6.76265e-08
2349.36 6.05765e-08
2349.45 6.76642e-08
2349.54 8.16387e-08
2349.64 7.88281e-08
2349.73 5.34463e-08
2349.82 3.87686e-08
2349.92 4.92003e-08
2350.01 6.99046e-08
2350.1 8.22909e-08
2350.2 8.30628e-08
2350.29 7.09666e-08
2350.38 4.52157e-08
2350.47 3.07092e-08
2350.57 4.47522e-08
2350.66 6.27028e-08
2350.75 6.01003e-08
2350.85 4.29354e-08
2350.94 2.63285e-08
2351.03 3.13493e-08
2351.13 5.97335e-08
2351.22 8.34209e-08
2351.32 9.00957e-08
2351.41 8.74794e-08
2351.5 7.3988e-08
2351.6 4.39375e-08
2351.69 2.40168e-08
2351.78 3.53705e-08
2351.88 5.44516e-08
2351.97 5.46196e-08
2352.06 4.75281e-08
2352.16 5.17123e-08
2352.25 5.31446e-08
2352.34 3.88845e-08
2352.44 1.81338e-08
2352.53 8.65059e-09
2352.62 1.90194e-08
2352.72 4.19284e-08
2352.81 6.54463e-08
2352.91 7.79849e-08
2353 8.37468e-08
2353.09 8.40032e-08
2353.19 7.1712e-08
2353.28 5.54664e-08
2353.37 4.48158e-08
2353.47 4.85645e-08
2353.56 4.54037e-08
2353.66 4.87426e-08
2353.75 6.37842e-08
2353.84 8.40452e-08
2353.94 9.21091e-08
2354.03 9.1108e-08
2354.12 9.10191e-08
2354.22 9.1353e-08
2354.31 9.17809e-08
2354.41 8.59364e-08
2354.5 8.29928e-08
2354.59 7.79699e-08
2354.69 7.73412e-08
2354.78 7.66619e-08
2354.88 7.15297e-08
2354.97 7.20117e-08
2355.06 8.11154e-08
2355.16 8.50501e-08
2355.25 8.03357e-08
2355.35 8.24724e-08
2355.44 8.82973e-08
2355.53 9.14862e-08
2355.63 8.99664e-08
2355.72 7.28605e-08
2355.82 4.576e-08
2355.91 2.80216e-08
2356 2.73691e-08
2356.1 3.6282e-08
2356.19 4.27442e-08
2356.29 5.2639e-08
2356.38 7.12982e-08
2356.48 8.73785e-08
2356.57 9.26764e-08
2356.66 9.61202e-08
2356.76 8.74108e-08
2356.85 6.90272e-08
2356.95 6.1139e-08
2357.04 7.18948e-08
2357.14 8.38206e-08
2357.23 7.32735e-08
2357.32 6.26103e-08
2357.42 7.13287e-08
2357.51 8.7856e-08
2357.61 9.27533e-08
2357.7 9.36636e-08
2357.8 9.46015e-08
2357.89 8.74378e-08
2357.99 7.49932e-08
2358.08 7.06663e-08
2358.17 7.79527e-08
2358.27 7.25413e-08
2358.36 4.88674e-08
2358.46 2.8636e-08
2358.55 2.49801e-08
2358.65 2.89576e-08
2358.74 2.6379e-08
2358.84 1.75489e-08
2358.93 2.36184e-08
2359.02 5.07127e-08
2359.12 7.84871e-08
2359.21 9.0771e-08
2359.31 9.53628e-08
2359.4 9.81879e-08
2359.5 9.98165e-08
2359.59 1.00333e-07
2359.69 1.01565e-07
2359.78 9.99981e-08
2359.88 9.86599e-08
2359.97 9.73245e-08
2360.07 9.70445e-08
2360.16 9.7034e-08
2360.26 9.59133e-08
2360.35 9.72269e-08
2360.45 9.7417e-08
2360.54 1.00081e-07
2360.64 9.86575e-08
2360.73 9.54703e-08
2360.82 9.43073e-08
2360.92 9.64958e-08
2361.01 9.7767e-08
2361.11 9.94831e-08
2361.2 9.95839e-08
2361.3 9.88376e-08
2361.39 9.61712e-08
2361.49 8.50688e-08
2361.58 5.59366e-08
2361.68 3.83722e-08
2361.77 5.21883e-08
2361.87 7.45747e-08
2361.96 8.15913e-08
2362.06 8.94591e-08
2362.15 9.92483e-08
2362.25 1.01684e-07
2362.34 9.98141e-08
2362.44 9.66203e-08
2362.53 9.58999e-08
2362.63 9.42854e-08
2362.73 9.5365e-08
2362.82 9.82189e-08
2362.92 1.00584e-07
2363.01 1.00874e-07
2363.11 9.71903e-08
2363.2 9.34965e-08
2363.3 8.60206e-08
2363.39 7.69698e-08
2363.49 7.82902e-08
2363.58 8.90147e-08
2363.68 9.11886e-08
2363.77 8.41873e-08
2363.87 5.9816e-08
2363.96 3.10233e-08
2364.06 2.81199e-08
2364.15 5.26352e-08
2364.25 7.71323e-08
2364.34 8.50355e-08
2364.44 7.53215e-08
2364.54 6.10352e-08
2364.63 6.73267e-08
2364.73 8.7304e-08
2364.82 9.09168e-08
2364.92 9.0854e-08
2365.01 9.5679e-08
2365.11 9.58616e-08
2365.2 9.21949e-08
2365.3 9.36417e-08
2365.39 9.6976e-08
2365.49 9.4314e-08
2365.59 9.44717e-08
2365.68 9.84105e-08
2365.78 1.01868e-07
2365.87 1.01832e-07
2365.97 1.00803e-07
2366.06 9.8113e-08
2366.16 8.06527e-08
2366.25 5.79539e-08
2366.35 6.19035e-08
2366.45 8.36465e-08
2366.54 9.14137e-08
2366.64 9.35476e-08
2366.73 9.60275e-08
2366.83 9.61119e-08
2366.92 9.39583e-08
2367.02 8.76557e-08
2367.12 6.98125e-08
2367.21 4.04462e-08
2367.31 3.04943e-08
2367.4 4.02078e-08
2367.5 3.91586e-08
2367.6 3.32783e-08
2367.69 3.73901e-08
2367.79 4.48348e-08
2367.88 6.46316e-08
2367.98 8.30795e-08
2368.07 8.90677e-08
2368.17 9.11936e-08
2368.27 9.11908e-08
2368.36 8.87599e-08
2368.46 7.62196e-08
2368.55 7.09169e-08
2368.65 7.14179e-08
2368.75 6.90545e-08
2368.84 5.63151e-08
2368.94 3.48479e-08
2369.03 2.96921e-08
2369.13 5.15561e-08
2369.23 6.92597e-08
2369.32 7.51954e-08
2369.42 8.45359e-08
2369.51 9.15737e-08
2369.61 9.18057e-08
2369.71 8.68046e-08
2369.8 7.68156e-08
2369.9 6.99546e-08
2370 6.49579e-08
2370.09 4.7218e-08
2370.19 3.36318e-08
2370.28 3.01001e-08
2370.38 2.06612e-08
2370.48 9.5165e-09
2370.57 6.65858e-09
2370.67 4.85446e-09
2370.77 7.32532e-09
2370.86 1.83892e-08
2370.96 2.91914e-08
2371.05 2.82469e-08
2371.15 1.99879e-08
2371.25 1.58855e-08
2371.34 9.45943e-09
2371.44 6.81954e-09
2371.54 8.79254e-09
2371.63 1.1344e-08
2371.73 1.55553e-08
2371.82 2.53206e-08
2371.92 3.86948e-08
2372.02 5.24715e-08
2372.11 5.14e-08
2372.21 4.81734e-08
2372.31 5.6485e-08
2372.4 5.65982e-08
2372.5 5.11885e-08
2372.6 5.1301e-08
2372.69 5.29699e-08
2372.79 4.19034e-08
2372.89 3.75613e-08
2372.98 4.60811e-08
2373.08 6.17881e-08
2373.18 7.68574e-08
2373.27 8.32727e-08
2373.37 8.77604e-08
2373.47 8.9581e-08
2373.56 7.22538e-08
2373.66 5.94825e-08
2373.76 5.75194e-08
2373.85 6.53624e-08
2373.95 7.40747e-08
2374.05 8.50212e-08
2374.14 9.2896e-08
2374.24 9.49236e-08
2374.34 9.18371e-08
2374.43 8.72488e-08
2374.53 7.99836e-08
2374.63 7.90882e-08
2374.72 7.85525e-08
2374.82 7.49193e-08
2374.92 6.79942e-08
2375.01 7.27705e-08
2375.11 8.4122e-08
2375.21 8.69588e-08
2375.3 7.40042e-08
2375.4 6.8843e-08
2375.5 8.03044e-08
2375.6 9.0509e-08
2375.69 9.23841e-08
2375.79 9.26959e-08
2375.89 9.12942e-08
2375.98 8.63709e-08
2376.08 7.47805e-08
2376.18 6.47375e-08
2376.27 5.76104e-08
2376.37 4.37208e-08
2376.47 3.38527e-08
2376.57 3.23087e-08
2376.66 2.27281e-08
2376.76 1.94038e-08
2376.86 2.75907e-08
2376.95 3.91378e-08
2377.05 5.67147e-08
2377.15 6.56777e-08
2377.25 6.2522e-08
2377.34 5.88496e-08
2377.44 6.08666e-08
2377.54 6.10418e-08
2377.63 6.69224e-08
2377.73 7.68138e-08
2377.83 7.80315e-08
2377.93 6.61313e-08
2378.02 4.4509e-08
2378.12 2.0535e-08
2378.22 6.32555e-09
2378.31 6.95464e-09
2378.41 2.26409e-08
2378.51 4.77921e-08
2378.61 6.81683e-08
2378.7 7.88952e-08
2378.8 8.21376e-08
2378.9 8.36716e-08
2379 8.3071e-08
2379.09 8.25142e-08
2379.19 8.56396e-08
2379.29 8.94658e-08
2379.39 8.75792e-08
2379.48 8.00673e-08
2379.58 6.54766e-08
2379.68 4.86841e-08
2379.78 5.03172e-08
2379.87 5.68096e-08
2379.97 6.08268e-08
2380.07 6.55385e-08
2380.17 6.18304e-08
2380.26 6.34654e-08
2380.36 7.04159e-08
2380.46 5.59193e-08
2380.56 5.09786e-08
2380.65 6.65157e-08
2380.75 6.53324e-08
2380.85 4.91699e-08
2380.95 5.54368e-08
2381.04 7.71959e-08
2381.14 8.92464e-08
2381.24 9.28538e-08
2381.34 9.02818e-08
2381.43 8.97425e-08
2381.53 9.09531e-08
2381.63 9.10548e-08
2381.73 9.21462e-08
2381.83 9.34754e-08
2381.92 9.5013e-08
2382.02 9.52288e-08
2382.12 9.05926e-08
2382.22 8.36062e-08
2382.31 8.22234e-08
2382.41 8.38157e-08
2382.51 7.29637e-08
2382.61 6.13588e-08
2382.71 6.73929e-08
2382.8 8.072e-08
2382.9 7.38042e-08
2383 5.07062e-08
2383.1 4.15434e-08
2383.2 3.91819e-08
2383.29 2.28788e-08
2383.39 8.67555e-09
2383.49 1.64748e-08
2383.59 3.82445e-08
2383.69 5.44831e-08
2383.78 5.25259e-08
2383.88 3.54354e-08
2383.98 1.41909e-08
2384.08 4.31551e-09
2384.18 1.16481e-08
2384.27 2.82616e-08
2384.37 3.67633e-08
2384.47 3.21955e-08
2384.57 3.65275e-08
2384.67 5.29304e-08
2384.76 6.51881e-08
2384.86 7.44098e-08
2384.96 8.14473e-08
2385.06 8.13235e-08
2385.16 8.11617e-08
2385.25 8.32369e-08
2385.35 8.13138e-08
2385.45 7.54987e-08
2385.55 7.35501e-08
2385.65 7.48684e-08
2385.75 6.8365e-08
2385.84 4.80622e-08
2385.94 2.19058e-08
2386.04 9.81529e-09
2386.14 1.93544e-08
2386.24 3.7194e-08
2386.34 4.16101e-08
2386.43 4.40062e-08
2386.53 4.99379e-08
2386.63 5.00226e-08
2386.73 4.16593e-08
2386.83 5.12494e-08
2386.93 7.42756e-08
2387.02 8.49483e-08
2387.12 8.5719e-08
2387.22 8.58877e-08
2387.32 8.10831e-08
2387.42 6.64701e-08
2387.52 5.5717e-08
2387.61 5.62135e-08
2387.71 6.32232e-08
2387.81 7.21602e-08
2387.91 6.27488e-08
2388.01 4.06156e-08
2388.11 1.6334e-08
2388.21 6.4461e-09
2388.3 1.90722e-08
2388.4 4.36497e-08
