2300.48 8.40552e-08
2300.57 8.31039e-08
2300.65 7.46105e-08
2300.73 6.53843e-08
2300.82 6.86529e-08
2300.9 7.43581e-08
2300.98 8.3844e-08
2301.07 8.83724e-08
2301.15 9.37176e-08
2301.23 9.86851e-08
2301.32 1.04395e-07
2301.4 1.08792e-07
2301.49 1.06979e-07
2301.57 1.04409e-07
2301.65 1.05528e-07
2301.74 1.03179e-07
2301.82 1.01893e-07
2301.9 1.03859e-07
2301.99 1.08162e-07
2302.07 1.03457e-07
2302.16 8.93726e-08
2302.24 8.28218e-08
2302.32 9.06254e-08
2302.41 1.00112e-07
2302.49 1.0339e-07
2302.57 9.73922e-08
2302.66 8.68503e-08
2302.74 7.94481e-08
2302.83 8.24285e-08
2302.91 9.4001e-08
2302.99 1.02658e-07
2303.08 1.029e-07
2303.16 1.0405e-07
2303.25 1.03992e-07
2303.33 1.0029e-07
2303.41 9.3024e-08
2303.5 8.01559e-08
2303.58 6.728e-08
2303.67 6.57119e-08
2303.75 6.80971e-08
2303.84 6.85748e-08
2303.92 6.88508e-08
2304 8.183e-08
2304.09 9.49016e-08
2304.17 1.01665e-07
2304.26 9.9941e-08
2304.34 8.66448e-08
2304.43 6.45837e-08
2304.51 5.86515e-08
2304.59 7.0012e-08
2304.68 8.37433e-08
2304.76 8.93846e-08
2304.85 8.98385e-08
2304.93 8.29193e-08
2305.02 8.5788e-08
2305.1 9.74426e-08
2305.19 1.09819e-07
2305.27 1.11676e-07
2305.35 1.03406e-07
2305.44 8.55385e-08
2305.52 7.42972e-08
2305.61 8.08574e-08
2305.69 9.56855e-08
2305.78 1.02219e-07
2305.86 1.02825e-07
2305.95 1.00215e-07
2306.03 9.10695e-08
2306.12 8.87036e-08
2306.2 9.70162e-08
2306.29 1.03017e-07
2306.37 1.02821e-07
2306.46 9.97643e-08
2306.54 8.93967e-08
2306.63 8.23564e-08
2306.71 9.02361e-08
2306.8 1.01595e-07
2306.88 1.02885e-07
2306.97 1.0123e-07
2307.05 1.02074e-07
2307.14 1.06188e-07
2307.22 1.11034e-07
2307.31 1.10552e-07
2307.39 9.87432e-08
2307.48 7.44575e-08
2307.56 5.45131e-08
2307.65 5.44474e-08
2307.73 7.79453e-08
2307.82 9.73249e-08
2307.9 1.06243e-07
2307.99 1.03782e-07
2308.07 9.95172e-08
2308.16 1.01693e-07
2308.24 1.06278e-07
2308.33 1.0529e-07
2308.41 1.03589e-07
2308.5 1.08095e-07
2308.58 1.12686e-07
2308.67 1.11755e-07
2308.75 1.07238e-07
2308.84 1.03401e-07
2308.92 9.84004e-08
2309.01 9.6981e-08
2309.1 1.00332e-07
2309.18 1.07642e-07
2309.27 1.08662e-07
2309.35 1.00546e-07
2309.44 9.13941e-08
2309.52 9.371e-08
2309.61 1.01232e-07
2309.69 1.01805e-07
2309.78 1.03758e-07
2309.87 1.08085e-07
2309.95 1.02576e-07
2310.04 9.64362e-08
2310.12 9.85055e-08
2310.21 1.07326e-07
2310.29 1.10481e-07
2310.38 1.12054e-07
2310.47 1.13472e-07
2310.55 1.15179e-07
2310.64 1.15982e-07
2310.72 1.15153e-07
2310.81 1.14865e-07
2310.89 1.14921e-07
2310.98 1.15783e-07
2311.07 1.16577e-07
2311.15 1.15785e-07
2311.24 1.14164e-07
2311.32 1.13776e-07
2311.41 1.14809e-07
2311.5 1.12991e-07
2311.58 1.10464e-07
2311.67 1.08826e-07
2311.75 1.09464e-07
2311.84 1.12006e-07
2311.93 1.12404e-07
2312.01 1.10345e-07
2312.1 1.01509e-07
2312.18 8.84365e-08
2312.27 8.896e-08
2312.36 1.02864e-07
2312.44 1.11477e-07
2312.53 1.13414e-07
2312.62 1.14849e-07
2312.7 1.16166e-07
2312.79 1.15897e-07
2312.87 1.15128e-07
2312.96 1.15771e-07
2313.05 1.15347e-07
2313.13 1.14331e-07
2313.22 1.15375e-07
2313.31 1.15512e-07
2313.39 1.15669e-07
2313.48 1.14969e-07
2313.57 1.13491e-07
2313.65 1.12455e-07
2313.74 1.1249e-07
2313.83 1.1293e-07
2313.91 1.14302e-07
2314 1.1483e-07
2314.08 1.14863e-07
2314.17 1.14883e-07
2314.26 1.13669e-07
2314.34 1.14609e-07
2314.43 1.15309e-07
2314.52 1.15054e-07
2314.6 1.13617e-07
2314.69 1.12895e-07
2314.78 1.10812e-07
2314.86 1.08527e-07
2314.95 1.04281e-07
2315.04 1.00636e-07
2315.12 1.00889e-07
2315.21 1.06721e-07
2315.3 1.11569e-07
2315.39 1.12507e-07
2315.47 1.12668e-07
2315.56 1.12431e-07
2315.65 1.09554e-07
2315.73 1.03365e-07
2315.82 9.36577e-08
2315.91 8.47043e-08
2315.99 7.58257e-08
2316.08 6.71903e-08
2316.17 6.16238e-08
2316.25 6.1944e-08
2316.34 6.81594e-08
2316.43 6.90453e-08
2316.52 6.37097e-08
2316.6 5.04498e-08
2316.69 4.37855e-08
2316.78 3.8398e-08
2316.86 3.53426e-08
2316.95 2.71822e-08
2317.04 2.63336e-08
2317.13 2.47406e-08
2317.21 2.8212e-08
2317.3 3.1579e-08
2317.39 4.7808e-08
2317.48 6.22641e-08
2317.56 7.04583e-08
2317.65 5.81661e-08
2317.74 4.53546e-08
2317.82 3.88514e-08
2317.91 4.04381e-08
2318 4.55033e-08
2318.09 5.0966e-08
2318.17 5.65866e-08
2318.26 5.68063e-08
2318.35 6.21843e-08
2318.44 6.46057e-08
2318.52 5.8743e-08
2318.61 5.25507e-08
2318.7 5.78626e-08
2318.79 6.63192e-08
2318.87 8.10183e-08
2318.96 8.84555e-08
2319.05 8.72839e-08
2319.14 7.85565e-08
2319.22 7.6014e-08
2319.31 8.15443e-08
2319.4 8.92003e-08
2319.49 8.53361e-08
2319.58 7.23114e-08
2319.66 7.17687e-08
2319.75 8.10903e-08
2319.84 8.32324e-08
2319.93 7.64658e-08
2320.01 8.17924e-08
2320.1 9.18811e-08
2320.19 9.27831e-08
2320.28 8.73887e-08
2320.37 8.47136e-08
2320.45 8.96514e-08
2320.54 9.62823e-08
2320.63 9.16514e-08
2320.72 8.07298e-08
2320.81 7.50743e-08
2320.89 7.79725e-08
2320.98 8.46775e-08
2321.07 9.03439e-08
2321.16 9.39324e-08
2321.25 9.87568e-08
2321.33 1.02468e-07
2321.42 9.57642e-08
2321.51 8.58849e-08
2321.6 8.85373e-08
2321.69 9.51359e-08
2321.77 8.69795e-08
2321.86 6.54869e-08
2321.95 4.20736e-08
2322.04 4.27217e-08
2322.13 6.25965e-08
2322.22 8.61744e-08
2322.3 9.86595e-08
2322.39 9.98859e-08
2322.48 8.86732e-08
2322.57 6.78481e-08
2322.66 5.04637e-08
2322.75 5.32707e-08
2322.83 6.88654e-08
2322.92 8.13704e-08
2323.01 8.28391e-08
2323.1 7.30375e-08
2323.19 5.85094e-08
2323.28 5.0205e-08
2323.36 6.4539e-08
2323.45 8.60279e-08
2323.54 9.84812e-08
2323.63 9.82816e-08
2323.72 9.35919e-08
2323.81 8.33769e-08
2323.9 7.39689e-08
2323.99 7.73456e-08
2324.07 8.82823e-08
2324.16 9.78749e-08
2324.25 1.01766e-07
2324.34 1.02535e-07
2324.43 1.01927e-07
2324.52 1.02325e-07
2324.61 1.03739e-07
2324.69 1.05896e-07
2324.78 1.04238e-07
2324.87 1.00827e-07
2324.96 1.00799e-07
2325.05 1.01381e-07
2325.14 1.00208e-07
2325.23 9.46711e-08
2325.32 8.30338e-08
2325.41 7.17799e-08
2325.49 7.01268e-08
2325.58 7.54143e-08
2325.67 7.59248e-08
2325.76 8.41076e-08
2325.85 9.6383e-08
2325.94 1.05696e-07
2326.03 1.07836e-07
2326.12 1.06536e-07
2326.21 1.03174e-07
2326.3 9.78531e-08
2326.38 8.5599e-08
2326.47 7.94068e-08
2326.56 8.25174e-08
2326.65 9.28865e-08
2326.74 9.64362e-08
2326.83 9.56954e-08
2326.92 9.63133e-08
2327.01 1.01145e-07
2327.1 1.05437e-07
2327.19 1.06901e-07
2327.28 1.07098e-07
2327.37 1.0483e-07
2327.45 1.03349e-07
2327.54 1.02621e-07
2327.63 1.00989e-07
2327.72 9.98091e-08
2327.81 9.91675e-08
2327.9 1.00685e-07
2327.99 1.02572e-07
2328.08 1.03736e-07
2328.17 1.0392e-07
2328.26 1.03123e-07
2328.35 9.78549e-08
2328.44 7.64935e-08
2328.53 4.57579e-08
2328.62 3.95742e-08
2328.71 6.46399e-08
2328.8 8.90392e-08
2328.89 9.70556e-08
2328.98 9.52479e-08
2329.06 8.8035e-08
2329.15 8.82096e-08
2329.24 8.93304e-08
2329.33 8.35431e-08
2329.42 8.35178e-08
2329.51 9.0068e-08
2329.6 9.174e-08
2329.69 9.49044e-08
2329.78 1.02711e-07
2329.87 1.07185e-07
2329.96 1.07748e-07
2330.05 1.08234e-07
2330.14 1.04121e-07
2330.23 9.97366e-08
2330.32 1.00189e-07
2330.41 1.04517e-07
2330.5 1.03716e-07
2330.59 9.84501e-08
2330.68 9.62773e-08
2330.77 9.59375e-08
2330.86 8.45964e-08
2330.95 7.98265e-08
2331.04 8.46384e-08
2331.13 8.77557e-08
2331.22 8.4669e-08
2331.31 9.12326e-08
2331.4 9.83393e-08
2331.49 9.93991e-08
2331.58 8.42372e-08
2331.67 6.36082e-08
2331.76 5.45485e-08
2331.85 6.28407e-08
2331.94 7.46494e-08
2332.03 8.50316e-08
2332.12 8.8698e-08
2332.21 8.14577e-08
2332.3 7.90087e-08
2332.39 8.77194e-08
2332.48 9.70053e-08
2332.57 9.69532e-08
2332.66 9.32585e-08
2332.75 8.96343e-08
2332.84 8.49923e-08
2332.93 8.62231e-08
2333.02 9.54722e-08
2333.11 1.03334e-07
2333.2 1.05121e-07
2333.29 1.0451e-07
2333.39 1.02982e-07
2333.48 1.01935e-07
2333.57 9.76315e-08
2333.66 9.37566e-08
2333.75 9.19624e-08
2333.84 9.26194e-08
2333.93 8.19067e-08
2334.02 7.085e-08
2334.11 7.50029e-08
2334.2 9.11079e-08
2334.29 9.60945e-08
2334.38 9.39846e-08
2334.47 8.60207e-08
2334.56 8.66691e-08
2334.65 9.27623e-08
2334.74 9.05901e-08
2334.83 7.69165e-08
2334.92 6.53437e-08
2335.02 6.59533e-08
2335.11 6.98397e-08
2335.2 7.27305e-08
2335.29 8.09053e-08
2335.38 9.05577e-08
2335.47 8.95134e-08
2335.56 8.80236e-08
2335.65 9.32673e-08
2335.74 9.8762e-08
2335.83 9.63347e-08
2335.92 8.50064e-08
2336.01 7.06805e-08
2336.1 6.26838e-08
2336.2 6.80455e-08
2336.29 7.84716e-08
2336.38 9.02082e-08
2336.47 9.79172e-08
2336.56 9.69975e-08
2336.65 9.31892e-08
2336.74 9.17867e-08
2336.83 9.03055e-08
2336.92 8.8496e-08
2337.01 9.49153e-08
2337.11 1.01115e-07
2337.2 1.00429e-07
2337.29 9.94458e-08
2337.38 9.43117e-08
2337.47 9.22414e-08
2337.56 9.40008e-08
2337.65 9.81733e-08
2337.74 9.71547e-08
2337.83 9.5375e-08
2337.93 9.17581e-08
2338.02 9.10854e-08
2338.11 8.42349e-08
2338.2 6.64232e-08
2338.29 5.22107e-08
2338.38 5.76912e-08
2338.47 7.03838e-08
2338.56 6.7325e-08
2338.66 6.10321e-08
2338.75 6.09446e-08
2338.84 5.69528e-08
2338.93 5.50735e-08
2339.02 6.65269e-08
2339.11 7.81845e-08
2339.2 8.58731e-08
2339.3 9.26482e-08
2339.39 9.33483e-08
2339.48 8.25607e-08
2339.57 7.29195e-08
2339.66 7.09064e-08
2339.75 7.52394e-08
2339.85 6.5466e-08
2339.94 4.69037e-08
2340.03 3.69848e-08
2340.12 3.72187e-08
2340.21 4.7318e-08
2340.3 4.72222e-08
2340.39 3.91011e-08
2340.49 4.92031e-08
2340.58 7.38167e-08
2340.67 8.49099e-08
2340.76 8.06007e-08
2340.85 7.4702e-08
2340.94 7.01587e-08
2341.04 5.84218e-08
2341.13 4.53054e-08
2341.22 4.58516e-08
2341.31 5.3235e-08
2341.4 5.50693e-08
2341.5 5.57621e-08
2341.59 6.53276e-08
2341.68 7.54957e-08
2341.77 8.34259e-08
2341.86 8.42204e-08
2341.95 6.95008e-08
2342.05 4.30963e-08
2342.14 4.21899e-08
2342.23 6.95496e-08
2342.32 9.0742e-08
2342.41 9.00215e-08
2342.51 7.7225e-08
2342.6 7.71564e-08
