660.462 4.63904e-07
660.592 4.63451e-07
660.722 4.69639e-07
660.852 4.73793e-07
660.982 4.73424e-07
661.112 4.79277e-07
661.242 4.88962e-07
661.372 5.00726e-07
661.502 5.04638e-07
661.632 5.13e-07
661.761 5.17131e-07
661.891 5.24309e-07
662.021 5.29409e-07
662.151 5.33369e-07
662.281 5.40595e-07
662.411 5.41853e-07
662.541 5.42801e-07
662.67 5.41883e-07
662.8 5.39647e-07
662.93 5.41952e-07
663.06 5.43662e-07
663.189 5.45247e-07
663.319 5.3768e-07
663.449 5.25306e-07
663.579 5.19829e-07
663.708 5.28659e-07
663.838 5.42121e-07
663.968 5.46772e-07
664.097 5.44041e-07
664.227 5.44911e-07
664.357 5.42684e-07
664.486 5.35617e-07
664.616 5.36992e-07
664.745 5.45486e-07
664.875 5.50426e-07
665.005 5.52995e-07
665.134 5.54853e-07
665.264 5.55735e-07
665.393 5.53545e-07
665.523 5.52874e-07
665.652 5.53663e-07
665.782 5.53632e-07
665.911 5.56174e-07
666.041 5.54377e-07
666.17 5.53137e-07
666.3 5.48028e-07
666.429 5.36205e-07
666.559 5.38992e-07
666.688 5.4526e-07
666.817 5.51965e-07
666.947 5.52148e-07
667.076 5.55157e-07
667.206 5.56984e-07
667.335 5.57087e-07
667.464 5.57407e-07
667.594 5.58025e-07
667.723 5.57416e-07
667.852 5.43421e-07
667.982 5.37035e-07
668.111 5.43149e-07
668.24 5.58824e-07
668.369 5.60741e-07
668.499 5.62735e-07
668.628 5.62981e-07
668.757 5.62768e-07
668.886 5.62851e-07
669.016 5.62843e-07
669.145 5.62776e-07
669.274 5.62569e-07
669.403 5.62098e-07
669.532 5.62467e-07
669.661 5.57398e-07
669.79 5.52535e-07
669.92 5.5139e-07
670.049 5.5806e-07
670.178 5.61437e-07
670.307 5.63795e-07
670.436 5.59737e-07
670.565 5.5314e-07
670.694 5.53839e-07
670.823 5.5846e-07
670.952 5.62856e-07
671.081 5.60747e-07
671.21 5.61959e-07
671.339 5.58425e-07
671.468 5.55191e-07
671.597 5.52859e-07
671.726 5.52228e-07
671.855 5.41525e-07
671.984 5.4363e-07
672.113 5.51592e-07
672.242 5.58277e-07
672.371 5.5915e-07
672.5 5.61841e-07
672.629 5.6338e-07
672.758 5.59443e-07
672.886 5.59592e-07
673.015 5.61801e-07
673.144 5.66634e-07
673.273 5.66568e-07
673.402 5.63405e-07
673.531 5.62494e-07
673.659 5.66547e-07
673.788 5.668e-07
673.917 5.63739e-07
674.046 5.63028e-07
674.174 5.6398e-07
674.303 5.65083e-07
674.432 5.61354e-07
674.561 5.63302e-07
674.689 5.64591e-07
674.818 5.65564e-07
674.947 5.64153e-07
675.076 5.56277e-07
675.204 5.56294e-07
675.333 5.58112e-07
675.461 5.64677e-07
675.59 5.65715e-07
675.719 5.67578e-07
675.847 5.68265e-07
675.976 5.66864e-07
676.105 5.69913e-07
676.233 5.7088e-07
676.362 5.71621e-07
676.49 5.7151e-07
676.619 5.71064e-07
676.747 5.68505e-07
676.876 5.58919e-07
677.005 5.59681e-07
677.133 5.64546e-07
677.262 5.64915e-07
677.39 5.63668e-07
677.519 5.66561e-07
677.647 5.74066e-07
677.776 5.74585e-07
677.904 5.74787e-07
678.032 5.75077e-07
678.161 5.75652e-07
678.289 5.71533e-07
678.418 5.67304e-07
678.546 5.6486e-07
678.675 5.64187e-07
678.803 5.66686e-07
678.931 5.69607e-07
679.06 5.73783e-07
679.188 5.76392e-07
679.316 5.75238e-07
679.445 5.72765e-07
679.573 5.7107e-07
679.701 5.68859e-07
679.83 5.70824e-07
679.958 5.71508e-07
680.086 5.7187e-07
680.215 5.72728e-07
680.343 5.74354e-07
680.471 5.71837e-07
680.599 5.7126e-07
680.728 5.68269e-07
680.856 5.7049e-07
680.984 5.7194e-07
681.112 5.70653e-07
681.241 5.69599e-07
681.369 5.72982e-07
681.497 5.75567e-07
681.625 5.73996e-07
681.753 5.75592e-07
681.881 5.78942e-07
682.01 5.77355e-07
682.138 5.71105e-07
682.266 5.70423e-07
682.394 5.75576e-07
682.522 5.78676e-07
682.65 5.78633e-07
682.778 5.78889e-07
682.906 5.69973e-07
683.034 5.68314e-07
683.162 5.7195e-07
683.29 5.79322e-07
683.419 5.79651e-07
683.547 5.78564e-07
683.675 5.78088e-07
683.803 5.7659e-07
683.931 5.69501e-07
684.059 5.63254e-07
684.187 5.53531e-07
684.315 5.48347e-07
684.443 5.45573e-07
684.57 5.58784e-07
684.698 5.71649e-07
684.826 5.78705e-07
684.954 5.78468e-07
685.082 5.77448e-07
685.21 5.79325e-07
685.338 5.8122e-07
685.466 5.78802e-07
685.594 5.65695e-07
685.722 5.61124e-07
685.849 5.60372e-07
685.977 5.6765e-07
686.105 5.69681e-07
686.233 5.7103e-07
686.361 5.68034e-07
686.489 5.73062e-07
686.616 5.76145e-07
686.744 5.37509e-07
686.872 4.04286e-07
687 2.76665e-07
687.128 2.39498e-07
687.255 2.75838e-07
687.383 2.92538e-07
687.511 3.12247e-07
687.638 3.39142e-07
687.766 3.60441e-07
687.894 3.98838e-07
688.022 4.21505e-07
688.149 4.72347e-07
688.277 5.13215e-07
688.405 5.28504e-07
688.532 5.10681e-07
688.66 4.65624e-07
688.788 4.50729e-07
688.915 4.4076e-07
689.043 4.32697e-07
689.17 4.43144e-07
689.298 4.41307e-07
689.426 4.41022e-07
689.553 4.486e-07
689.681 4.55079e-07
689.808 4.44479e-07
689.936 4.63306e-07
690.063 4.80853e-07
690.191 4.60341e-07
690.318 4.72595e-07
690.446 5.02963e-07
690.573 4.73164e-07
690.701 4.69698e-07
690.828 5.12601e-07
690.956 5.07323e-07
691.083 4.90015e-07
691.211 5.11376e-07
691.338 5.41394e-07
691.466 5.03466e-07
691.593 4.93479e-07
691.721 5.19284e-07
691.848 5.37813e-07
691.975 5.12705e-07
692.103 5.19568e-07
692.23 5.50793e-07
692.358 5.53923e-07
692.485 5.19646e-07
692.612 5.13515e-07
692.74 5.3408e-07
692.867 5.55538e-07
692.994 5.27379e-07
693.122 5.15553e-07
693.249 5.18994e-07
693.376 5.40102e-07
693.504 5.3162e-07
693.631 5.29498e-07
693.758 5.46214e-07
693.885 5.48194e-07
694.013 5.33823e-07
694.14 5.12034e-07
694.267 5.009e-07
694.394 5.14547e-07
694.522 5.2858e-07
694.649 5.45976e-07
694.776 5.42608e-07
694.903 5.32529e-07
695.03 5.25266e-07
695.158 5.39481e-07
695.285 5.53138e-07
695.412 5.48319e-07
695.539 5.55541e-07
695.666 5.40418e-07
695.793 5.39309e-07
695.92 5.38695e-07
696.048 5.51464e-07
696.175 5.41574e-07
696.302 5.45243e-07
696.429 5.60927e-07
696.556 5.72811e-07
696.683 5.71017e-07
696.81 5.76326e-07
696.937 5.88222e-07
697.064 5.89102e-07
697.191 5.79448e-07
697.318 5.75451e-07
697.445 5.79293e-07
697.572 5.83738e-07
697.699 5.75228e-07
697.826 5.57922e-07
697.953 5.41186e-07
698.08 5.46732e-07
698.207 5.57848e-07
698.334 5.74825e-07
698.461 5.79134e-07
698.588 5.82887e-07
698.715 5.64146e-07
698.842 5.54705e-07
698.969 5.37653e-07
699.095 5.42162e-07
699.222 5.50652e-07
699.349 5.62146e-07
699.476 5.50061e-07
699.603 5.50604e-07
699.73 5.69738e-07
699.857 5.79286e-07
699.983 5.51019e-07
700.11 5.40164e-07
700.237 5.5302e-07
700.364 5.71937e-07
700.49 5.54722e-07
700.617 5.24278e-07
700.744 5.1899e-07
700.871 5.42501e-07
700.998 5.67399e-07
701.124 5.63835e-07
701.251 5.54648e-07
701.378 5.55078e-07
701.504 5.68018e-07
701.631 5.55958e-07
701.758 5.20359e-07
701.885 5.17732e-07
702.011 5.49479e-07
702.138 5.72664e-07
702.264 5.73108e-07
702.391 5.52348e-07
702.518 5.36919e-07
702.644 5.41822e-07
702.771 5.40875e-07
702.898 5.37676e-07
703.024 5.42154e-07
703.151 5.72929e-07
703.277 5.8295e-07
703.404 5.89316e-07
703.531 5.81267e-07
703.657 5.80752e-07
703.784 5.68422e-07
703.91 5.55925e-07
704.037 5.37371e-07
704.163 5.5274e-07
704.29 5.70827e-07
704.416 5.89875e-07
704.543 5.87509e-07
704.669 5.89003e-07
704.796 5.84663e-07
704.922 5.87973e-07
705.048 5.87811e-07
705.175 5.78815e-07
705.301 5.64205e-07
705.428 5.57753e-07
705.554 5.66374e-07
705.681 5.78257e-07
705.807 5.75946e-07
705.933 5.75025e-07
706.06 5.75715e-07
706.186 5.74168e-07
706.312 5.74738e-07
706.439 5.78334e-07
706.565 5.79733e-07
706.691 5.78206e-07
706.818 5.75932e-07
706.944 5.71841e-07
707.07 5.78122e-07
707.197 5.85414e-07
707.323 5.86688e-07
707.449 5.87065e-07
707.575 5.88916e-07
707.702 5.91988e-07
707.828 5.89269e-07
707.954 5.82917e-07
708.08 5.79558e-07
708.207 5.86455e-07
708.333 5.92225e-07
708.459 5.86361e-07
708.585 5.75018e-07
708.711 5.73451e-07
708.838 5.76813e-07
708.964 5.80285e-07
709.09 5.7613e-07
709.216 5.78897e-07
709.342 5.80333e-07
709.468 5.86235e-07
709.594 5.86171e-07
709.72 5.8648e-07
709.846 5.84619e-07
709.973 5.88101e-07
710.099 5.89409e-07
710.225 5.90344e-07
710.351 5.915e-07
710.477 5.93899e-07
710.603 5.95754e-07
710.729 5.91818e-07
710.855 5.89581e-07
710.981 5.88178e-07
711.107 5.8985e-07
711.233 5.82868e-07
711.359 5.81598e-07
711.485 5.85679e-07
711.611 5.89625e-07
711.737 5.91947e-07
711.863 5.89213e-07
711.989 5.87267e-07
712.115 5.86065e-07
712.24 5.84894e-07
712.366 5.77127e-07
712.492 5.79582e-07
712.618 5.94628e-07
712.744 5.99548e-07
712.87 5.91874e-07
712.996 5.86245e-07
713.122 5.77824e-07
713.247 5.72741e-07
713.373 5.71869e-07
713.499 5.85325e-07
713.625 5.93269e-07
713.751 5.97148e-07
713.876 5.94677e-07
714.002 5.92788e-07
714.128 5.93877e-07
714.254 5.92945e-07
714.379 5.85788e-07
714.505 5.87127e-07
714.631 5.85483e-07
714.757 5.85971e-07
714.882 5.59941e-07
715.008 5.57173e-07
715.134 5.55765e-07
715.259 5.71995e-07
715.385 5.77406e-07
715.511 5.91588e-07
715.636 5.85893e-07
715.762 5.82925e-07
715.888 5.80639e-07
716.013 5.80398e-07
716.139 5.81381e-07
716.264 5.81656e-07
716.39 5.78877e-07
716.516 5.44085e-07
716.641 5.23555e-07
716.767 4.99989e-07
716.892 4.9184e-07
717.018 4.95731e-07
717.143 4.89843e-07
717.269 4.9213e-07
717.394 4.52162e-07
717.52 4.49274e-07
717.646 4.57618e-07
717.771 4.59969e-07
717.896 4.29784e-07
718.022 4.54873e-07
718.147 5.09255e-07
718.273 4.81156e-07
718.398 4.79065e-07
718.524 4.55355e-07
718.649 4.37913e-07
718.775 3.51628e-07
718.9 3.83166e-07
719.025 4.51713e-07
719.151 5.20928e-07
719.276 4.63967e-07
719.401 4.02566e-07
719.527 4.02605e-07
719.652 4.41825e-07
719.777 4.74665e-07
719.903 4.66466e-07
720.028 4.66373e-07
720.153 4.27309e-07
720.279 4.14184e-07
720.404 4.25985e-07
720.529 4.58307e-07
720.655 4.58302e-07
720.78 4.35406e-07
720.905 4.68399e-07
721.03 4.95043e-07
721.156 5.32735e-07
721.281 5.38268e-07
721.406 5.67403e-07
721.531 5.79455e-07
721.656 5.71363e-07
721.781 5.48155e-07
721.907 5.38e-07
722.032 5.52149e-07
722.157 5.68456e-07
722.282 5.79987e-07
722.407 5.51427e-07
722.532 5.3655e-07
722.658 5.40124e-07
722.783 5.55732e-07
722.908 5.37438e-07
723.033 5.40054e-07
723.158 5.68105e-07
723.283 5.4347e-07
723.408 4.8437e-07
723.533 4.16567e-07
723.658 4.1227e-07
