660.304 4.55671e-07
660.434 4.59517e-07
660.564 4.60829e-07
660.694 4.63707e-07
660.824 4.68627e-07
660.954 4.69455e-07
661.084 4.72718e-07
661.214 4.82222e-07
661.344 4.93283e-07
661.473 4.98355e-07
661.603 5.06479e-07
661.733 5.14051e-07
661.863 5.19661e-07
661.993 5.24562e-07
662.123 5.30767e-07
662.253 5.37274e-07
662.382 5.41222e-07
662.512 5.40019e-07
662.642 5.39163e-07
662.772 5.3602e-07
662.901 5.37665e-07
663.031 5.38682e-07
663.161 5.3948e-07
663.291 5.36793e-07
663.42 5.24722e-07
663.55 5.16696e-07
663.68 5.22231e-07
663.809 5.37549e-07
663.939 5.44112e-07
664.069 5.42422e-07
664.198 5.42591e-07
664.328 5.41761e-07
664.458 5.34075e-07
664.587 5.31571e-07
664.717 5.39253e-07
664.846 5.45687e-07
664.976 5.48274e-07
665.105 5.49407e-07
665.235 5.50626e-07
665.365 5.50684e-07
665.494 5.49553e-07
665.624 5.5014e-07
665.753 5.51314e-07
665.883 5.52535e-07
666.012 5.5316e-07
666.141 5.50834e-07
666.271 5.46666e-07
666.4 5.35351e-07
666.53 5.32669e-07
666.659 5.38245e-07
666.789 5.47426e-07
666.918 5.47623e-07
667.047 5.49609e-07
667.177 5.52137e-07
667.306 5.53761e-07
667.435 5.53285e-07
667.565 5.55583e-07
667.694 5.5639e-07
667.823 5.42211e-07
667.953 5.33925e-07
668.082 5.36537e-07
668.211 5.52122e-07
668.34 5.55984e-07
668.47 5.57775e-07
668.599 5.57767e-07
668.728 5.59568e-07
668.857 5.59429e-07
668.986 5.6074e-07
669.116 5.59661e-07
669.245 5.59455e-07
669.374 5.58726e-07
669.503 5.59598e-07
669.632 5.5552e-07
669.761 5.50046e-07
669.891 5.48869e-07
670.02 5.51826e-07
670.149 5.54943e-07
670.278 5.59167e-07
670.407 5.55865e-07
670.536 5.51038e-07
670.665 5.49387e-07
670.794 5.53899e-07
670.923 5.6056e-07
671.052 5.58426e-07
671.181 5.60074e-07
671.31 5.57407e-07
671.439 5.54126e-07
671.568 5.52235e-07
671.697 5.5015e-07
671.826 5.38912e-07
671.955 5.3828e-07
672.084 5.43487e-07
672.213 5.53965e-07
672.342 5.54312e-07
672.471 5.56532e-07
672.6 5.60179e-07
672.729 5.5655e-07
672.857 5.56976e-07
672.986 5.58288e-07
673.115 5.64485e-07
673.244 5.64314e-07
673.373 5.61372e-07
673.502 5.61155e-07
673.631 5.61633e-07
673.759 5.63444e-07
673.888 5.59043e-07
674.017 5.58176e-07
674.146 5.58315e-07
674.274 5.622e-07
674.403 5.61184e-07
674.532 5.60558e-07
674.661 5.6199e-07
674.789 5.63392e-07
674.918 5.61633e-07
675.047 5.54997e-07
675.175 5.53342e-07
675.304 5.53265e-07
675.433 5.59301e-07
675.562 5.61397e-07
675.69 5.63487e-07
675.819 5.62989e-07
675.947 5.64284e-07
676.076 5.66975e-07
676.205 5.673e-07
676.333 5.70033e-07
676.462 5.70237e-07
676.59 5.6977e-07
676.719 5.67552e-07
676.848 5.56914e-07
676.976 5.56761e-07
677.105 5.61234e-07
677.233 5.63207e-07
677.362 5.60591e-07
677.49 5.61857e-07
677.619 5.68803e-07
677.747 5.71021e-07
677.876 5.70034e-07
678.004 5.71195e-07
678.133 5.71739e-07
678.261 5.71632e-07
678.389 5.67521e-07
678.518 5.64188e-07
678.646 5.62577e-07
678.775 5.62776e-07
678.903 5.66333e-07
679.031 5.69982e-07
679.16 5.72125e-07
679.288 5.72937e-07
679.417 5.69332e-07
679.545 5.67823e-07
679.673 5.64249e-07
679.802 5.666e-07
679.93 5.67161e-07
680.058 5.69957e-07
680.187 5.70663e-07
680.315 5.73443e-07
680.443 5.70726e-07
680.571 5.68956e-07
680.7 5.67658e-07
680.828 5.69306e-07
680.956 5.67478e-07
681.084 5.66123e-07
681.213 5.66401e-07
681.341 5.68792e-07
681.469 5.71881e-07
681.597 5.69614e-07
681.725 5.71328e-07
681.854 5.74386e-07
681.982 5.75594e-07
682.11 5.69285e-07
682.238 5.69218e-07
682.366 5.72762e-07
682.494 5.7818e-07
682.622 5.77993e-07
682.751 5.76993e-07
682.879 5.70287e-07
683.007 5.65704e-07
683.135 5.67612e-07
683.263 5.75324e-07
683.391 5.76226e-07
683.519 5.75556e-07
683.647 5.75235e-07
683.775 5.73326e-07
683.903 5.68853e-07
684.031 5.62058e-07
684.159 5.54129e-07
684.287 5.48843e-07
684.415 5.44599e-07
684.543 5.55541e-07
684.671 5.68073e-07
684.799 5.767e-07
684.927 5.75217e-07
685.055 5.75438e-07
685.183 5.75343e-07
685.311 5.76849e-07
685.439 5.7709e-07
685.566 5.6538e-07
685.694 5.58802e-07
685.822 5.5706e-07
685.95 5.65669e-07
686.078 5.67696e-07
686.206 5.70544e-07
686.334 5.67996e-07
686.461 5.70605e-07
686.589 5.75401e-07
686.717 5.52447e-07
686.845 4.34128e-07
686.973 3.00568e-07
687.1 2.4363e-07
687.228 2.70814e-07
687.356 2.91084e-07
687.484 3.07765e-07
687.612 3.32028e-07
687.739 3.56507e-07
687.867 3.90784e-07
687.995 4.15043e-07
688.122 4.62612e-07
688.25 5.06213e-07
688.378 5.29925e-07
688.505 5.14058e-07
688.633 4.74813e-07
688.761 4.48006e-07
688.888 4.42763e-07
689.016 4.30742e-07
689.144 4.41588e-07
689.271 4.41405e-07
689.399 4.385e-07
689.527 4.43349e-07
689.654 4.54242e-07
689.782 4.45072e-07
689.909 4.5449e-07
690.037 4.8101e-07
690.164 4.62441e-07
690.292 4.67185e-07
690.42 5.00446e-07
690.547 4.83241e-07
690.675 4.69727e-07
690.802 5.04947e-07
690.93 5.14237e-07
691.057 4.91144e-07
691.185 5.04849e-07
691.312 5.39973e-07
691.44 5.11742e-07
691.567 4.92924e-07
691.694 5.11157e-07
691.822 5.37974e-07
691.949 5.14375e-07
692.077 5.18177e-07
692.204 5.45009e-07
692.331 5.61045e-07
692.459 5.30251e-07
692.586 5.17655e-07
692.714 5.32557e-07
692.841 5.58085e-07
692.968 5.37964e-07
693.096 5.22888e-07
693.223 5.20846e-07
693.35 5.4243e-07
693.478 5.3665e-07
693.605 5.31671e-07
693.732 5.46312e-07
693.86 5.4989e-07
693.987 5.42652e-07
694.114 5.17799e-07
694.241 5.10191e-07
694.369 5.18319e-07
694.496 5.31907e-07
694.623 5.44864e-07
694.75 5.49718e-07
694.878 5.37451e-07
695.005 5.30913e-07
695.132 5.40932e-07
695.259 5.52279e-07
695.386 5.50488e-07
695.513 5.56613e-07
695.641 5.4555e-07
695.768 5.395e-07
695.895 5.42189e-07
696.022 5.51651e-07
696.149 5.48516e-07
696.276 5.45358e-07
696.403 5.60848e-07
696.53 5.73207e-07
696.657 5.72523e-07
696.785 5.7603e-07
696.912 5.86559e-07
697.039 5.89438e-07
697.166 5.80891e-07
697.293 5.76878e-07
697.42 5.78887e-07
697.547 5.84985e-07
697.674 5.76556e-07
697.801 5.60365e-07
697.928 5.41832e-07
698.055 5.44442e-07
698.182 5.53838e-07
698.309 5.7194e-07
698.436 5.81331e-07
698.563 5.83832e-07
698.69 5.70597e-07
698.816 5.60164e-07
698.943 5.43519e-07
699.07 5.45892e-07
699.197 5.50997e-07
699.324 5.6448e-07
699.451 5.54456e-07
699.578 5.52872e-07
699.705 5.65998e-07
699.831 5.8146e-07
699.958 5.58274e-07
700.085 5.42707e-07
700.212 5.4947e-07
700.339 5.71271e-07
700.466 5.61072e-07
700.592 5.30777e-07
700.719 5.21117e-07
700.846 5.39456e-07
700.973 5.6612e-07
701.099 5.68809e-07
701.226 5.59762e-07
701.353 5.56998e-07
701.48 5.68528e-07
701.606 5.63377e-07
701.733 5.2769e-07
701.86 5.19236e-07
701.987 5.43278e-07
702.113 5.72121e-07
702.24 5.75703e-07
702.367 5.57654e-07
702.493 5.40935e-07
702.62 5.413e-07
702.746 5.47134e-07
702.873 5.4096e-07
703 5.44567e-07
703.126 5.70289e-07
703.253 5.84623e-07
703.379 5.88056e-07
703.506 5.84743e-07
703.633 5.80574e-07
703.759 5.73112e-07
703.886 5.61613e-07
704.012 5.44915e-07
704.139 5.51033e-07
704.265 5.69076e-07
704.392 5.88389e-07
704.518 5.86997e-07
704.645 5.88205e-07
704.771 5.84982e-07
704.898 5.88473e-07
705.024 5.88461e-07
705.151 5.81631e-07
705.277 5.69921e-07
705.404 5.61235e-07
705.53 5.68361e-07
705.656 5.77833e-07
705.783 5.78628e-07
705.909 5.77606e-07
706.036 5.79222e-07
706.162 5.76474e-07
706.288 5.78032e-07
706.415 5.80233e-07
706.541 5.83213e-07
706.667 5.79182e-07
706.794 5.78935e-07
706.92 5.70924e-07
707.046 5.76191e-07
707.173 5.82017e-07
707.299 5.87852e-07
707.425 5.86894e-07
707.552 5.88952e-07
707.678 5.93223e-07
707.804 5.91047e-07
707.93 5.85211e-07
708.057 5.82357e-07
708.183 5.8714e-07
708.309 5.94264e-07
708.435 5.89812e-07
708.561 5.75998e-07
708.688 5.75397e-07
708.814 5.77445e-07
708.94 5.82083e-07
709.066 5.78742e-07
709.192 5.78968e-07
709.318 5.80895e-07
709.444 5.86251e-07
709.571 5.86995e-07
709.697 5.86314e-07
709.823 5.85257e-07
709.949 5.88684e-07
710.075 5.88722e-07
710.201 5.90719e-07
710.327 5.91798e-07
710.453 5.93195e-07
710.579 5.95065e-07
710.705 5.93198e-07
710.831 5.89544e-07
710.957 5.88878e-07
711.083 5.90833e-07
711.209 5.84923e-07
711.335 5.8228e-07
711.461 5.84395e-07
711.587 5.89686e-07
711.713 5.92791e-07
711.839 5.9036e-07
711.965 5.88404e-07
712.091 5.86838e-07
712.217 5.87222e-07
712.343 5.76491e-07
712.469 5.79753e-07
712.595 5.91796e-07
712.721 5.98077e-07
712.846 5.93881e-07
712.972 5.88139e-07
713.098 5.80036e-07
713.224 5.73675e-07
713.35 5.72417e-07
713.476 5.83074e-07
713.602 5.91515e-07
713.727 5.97853e-07
713.853 5.97283e-07
713.979 5.95064e-07
714.105 5.95107e-07
714.23 5.96187e-07
714.356 5.88247e-07
714.482 5.88643e-07
714.608 5.86885e-07
714.733 5.8803e-07
714.859 5.64223e-07
714.985 5.59837e-07
715.111 5.55935e-07
715.236 5.74156e-07
715.362 5.79511e-07
715.488 5.90478e-07
715.613 5.89487e-07
715.739 5.85093e-07
715.865 5.83804e-07
715.99 5.81864e-07
716.116 5.84362e-07
716.241 5.84707e-07
716.367 5.84179e-07
716.493 5.56045e-07
716.618 5.33597e-07
716.744 5.15261e-07
716.869 5.04083e-07
716.995 5.10528e-07
717.12 5.02167e-07
717.246 5.13192e-07
717.372 4.73862e-07
717.497 4.66159e-07
717.623 4.71092e-07
717.748 4.77247e-07
717.874 4.47563e-07
717.999 4.61914e-07
718.125 5.17186e-07
718.25 4.91268e-07
718.375 4.90971e-07
718.501 4.64391e-07
718.626 4.60927e-07
718.752 3.72899e-07
718.877 3.91662e-07
719.003 4.45474e-07
719.128 5.26638e-07
719.253 4.79082e-07
719.379 4.26351e-07
719.504 4.07544e-07
719.629 4.47448e-07
719.755 4.84487e-07
719.88 4.76949e-07
720.005 4.82607e-07
720.131 4.43881e-07
720.256 4.28165e-07
720.381 4.35352e-07
720.507 4.62828e-07
720.632 4.76007e-07
720.757 4.41053e-07
720.882 4.744e-07
721.008 4.94043e-07
721.133 5.36309e-07
721.258 5.41477e-07
721.383 5.70077e-07
721.509 5.81365e-07
721.634 5.77349e-07
721.759 5.53521e-07
721.884 5.42753e-07
722.009 5.53273e-07
722.134 5.6929e-07
722.26 5.8066e-07
722.385 5.60375e-07
722.51 5.39842e-07
722.635 5.42035e-07
722.76 5.60407e-07
722.885 5.43933e-07
723.01 5.4477e-07
723.135 5.68252e-07
723.26 5.60646e-07
723.385 5.00492e-07
723.511 4.39264e-07
