267.243 6.50179e-11
267.308 8.48522e-11
267.374 7.9022e-11
267.439 7.83444e-11
267.504 8.11792e-11
267.569 8.56171e-11
267.634 8.47257e-11
267.699 8.04215e-11
267.764 7.4704e-11
267.829 7.30846e-11
267.894 7.06515e-11
267.959 7.10158e-11
268.024 6.96206e-11
268.089 7.28197e-11
268.154 6.76378e-11
268.219 7.92902e-11
268.284 7.75141e-11
268.349 7.80187e-11
268.414 8.09128e-11
268.479 7.21834e-11
268.544 7.37902e-11
268.609 8.31965e-11
268.675 7.20457e-11
268.74 7.88822e-11
268.805 8.54815e-11
268.87 8.01342e-11
268.935 8.15252e-11
269 7.82613e-11
269.065 6.84129e-11
269.13 6.97166e-11
269.195 7.23611e-11
269.26 8.16205e-11
269.325 8.28979e-11
269.39 9.13371e-11
269.455 8.50594e-11
269.52 6.02687e-11
269.585 7.34099e-11
269.651 7.64049e-11
269.716 7.75395e-11
269.781 7.27344e-11
269.846 7.83971e-11
269.911 8.86742e-11
269.976 8.65376e-11
270.041 9.52931e-11
270.106 8.78185e-11
270.171 9.4645e-11
270.236 9.87243e-11
270.301 9.86477e-11
270.366 9.1877e-11
270.431 9.14018e-11
270.497 8.38337e-11
270.562 9.37991e-11
270.627 7.73568e-11
270.692 9.12919e-11
270.757 8.52056e-11
270.822 8.27052e-11
270.887 8.17496e-11
270.952 8.61115e-11
271.017 7.7949e-11
271.082 7.81618e-11
271.147 8.02451e-11
271.212 8.60029e-11
271.278 9.66771e-11
271.343 8.43719e-11
271.408 8.26617e-11
271.473 7.80925e-11
271.538 8.4532e-11
271.603 7.78928e-11
271.668 7.02124e-11
271.733 6.81111e-11
271.798 6.62361e-11
271.863 6.00322e-11
271.928 5.05825e-11
271.994 4.5947e-11
272.059 5.25191e-11
272.124 5.01075e-11
272.189 5.27519e-11
272.254 5.46872e-11
272.319 5.47005e-11
272.384 5.56782e-11
272.449 6.92595e-11
272.514 7.67294e-11
272.579 6.50233e-11
272.644 6.39829e-11
272.71 6.57673e-11
272.775 6.59942e-11
272.84 8.16531e-11
272.905 8.24126e-11
272.97 8.22263e-11
273.035 8.71809e-11
273.1 8.99964e-11
273.165 8.71471e-11
273.23 8.4947e-11
273.295 7.18917e-11
273.361 6.8457e-11
273.426 7.24412e-11
273.491 7.13354e-11
273.556 6.04716e-11
273.621 6.62471e-11
273.686 5.58522e-11
273.751 5.04571e-11
273.816 5.33886e-11
273.881 5.38221e-11
273.946 4.91993e-11
274.012 5.60608e-11
274.077 5.53109e-11
274.142 5.61235e-11
274.207 5.24326e-11
274.272 5.02686e-11
274.337 4.44849e-11
274.402 5.50177e-11
274.467 4.82353e-11
274.532 3.24119e-11
274.597 4.48943e-11
274.663 4.76897e-11
274.728 5.14262e-11
274.793 4.50918e-11
274.858 4.09531e-11
274.923 4.6032e-11
274.988 5.24342e-11
275.053 4.79857e-11
275.118 5.6097e-11
275.183 5.43912e-11
275.248 6.13375e-11
275.314 5.63787e-11
275.379 6.99506e-11
275.444 6.0846e-11
275.509 6.35315e-11
275.574 6.29976e-11
275.639 5.31493e-11
275.704 6.94221e-11
275.769 7.27405e-11
275.834 8.73277e-11
275.899 8.64375e-11
275.965 8.69057e-11
276.03 9.69131e-11
276.095 9.57799e-11
276.16 9.44525e-11
276.225 8.28516e-11
276.29 7.73905e-11
276.355 9.23302e-11
276.42 9.06391e-11
276.485 9.61219e-11
276.551 9.58497e-11
276.616 1.05124e-10
276.681 1.09436e-10
276.746 1.01559e-10
276.811 9.54615e-11
276.876 1.02474e-10
276.941 9.85807e-11
277.006 9.70343e-11
277.071 1.03018e-10
277.136 9.41748e-11
277.202 1.09722e-10
277.267 9.99705e-11
277.332 1.07109e-10
277.397 1.15736e-10
277.462 1.05907e-10
277.527 1.00439e-10
277.592 1.01807e-10
277.657 1.03808e-10
277.722 8.73315e-11
277.787 8.49227e-11
277.853 7.81656e-11
277.918 6.87207e-11
277.983 7.23074e-11
278.048 7.09009e-11
278.113 7.08737e-11
278.178 7.35619e-11
278.243 6.58509e-11
278.308 7.07015e-11
278.373 7.09903e-11
278.438 6.38921e-11
278.504 6.98604e-11
278.569 6.7038e-11
278.634 6.47949e-11
278.699 6.39423e-11
278.764 6.77093e-11
278.829 6.50852e-11
278.894 6.0922e-11
278.959 5.91245e-11
279.024 5.04093e-11
279.089 4.56841e-11
279.155 4.47192e-11
279.22 3.90837e-11
279.285 4.47905e-11
279.35 3.81017e-11
279.415 3.54144e-11
279.48 2.59883e-11
279.545 3.75889e-11
279.61 3.74176e-11
279.675 3.57378e-11
279.74 3.02037e-11
279.805 3.38564e-11
279.871 4.23862e-11
279.936 2.54758e-11
280.001 2.87285e-11
280.066 3.25862e-11
280.131 3.86378e-11
280.196 3.95281e-11
280.261 4.00289e-11
280.326 3.6577e-11
280.391 3.70601e-11
280.456 3.11011e-11
280.522 4.04869e-11
280.587 5.51895e-11
280.652 5.83025e-11
280.717 5.31736e-11
280.782 4.96611e-11
280.847 5.79041e-11
280.912 6.68233e-11
280.977 6.61114e-11
281.042 6.49438e-11
281.107 7.41302e-11
281.172 7.94397e-11
281.237 8.9221e-11
281.303 7.64564e-11
281.368 8.76853e-11
281.433 9.51636e-11
281.498 1.00046e-10
281.563 1.01681e-10
281.628 1.05922e-10
281.693 1.06674e-10
281.758 1.1297e-10
281.823 1.14335e-10
281.888 1.30058e-10
281.953 1.21531e-10
282.019 1.28076e-10
282.084 1.36357e-10
282.149 1.31217e-10
282.214 1.40377e-10
282.279 1.36519e-10
282.344 1.36893e-10
282.409 1.42313e-10
282.474 1.43351e-10
282.539 1.37975e-10
282.604 1.34551e-10
282.669 1.41759e-10
282.734 1.48252e-10
282.8 1.46015e-10
282.865 1.45143e-10
282.93 1.54062e-10
282.995 1.5051e-10
283.06 1.54828e-10
283.125 1.52594e-10
283.19 1.6801e-10
283.255 1.66702e-10
283.32 1.57875e-10
283.385 1.52416e-10
283.45 1.43127e-10
283.515 1.37987e-10
283.58 1.4476e-10
283.646 1.44009e-10
283.711 1.49023e-10
283.776 1.54497e-10
283.841 1.58033e-10
283.906 1.63846e-10
283.971 1.47179e-10
284.036 1.70481e-10
284.101 1.52764e-10
284.166 1.59065e-10
284.231 1.45039e-10
284.296 1.34991e-10
284.361 1.38786e-10
284.426 1.30551e-10
284.492 1.29268e-10
284.557 1.14647e-10
284.622 1.10082e-10
284.687 1.20788e-10
284.752 1.06009e-10
284.817 9.00587e-11
284.882 7.71012e-11
284.947 8.02328e-11
285.012 7.92355e-11
285.077 5.92063e-11
285.142 5.00801e-11
285.207 3.89495e-11
285.272 3.27898e-11
285.337 4.62601e-11
285.402 5.17128e-11
285.468 6.8733e-11
285.533 5.73621e-11
285.598 7.87659e-11
285.663 8.43609e-11
285.728 1.10063e-10
285.793 1.02131e-10
285.858 1.09387e-10
285.923 1.38268e-10
285.988 1.50944e-10
286.053 1.47393e-10
286.118 1.662e-10
286.183 1.73669e-10
286.248 4.42104e-10
286.313 4.53801e-10
286.378 1.7023e-10
286.443 1.92734e-10
286.509 1.80444e-10
286.574 1.98524e-10
286.639 1.99874e-10
286.704 1.96656e-10
286.769 1.86377e-10
286.834 1.79319e-10
286.899 1.88855e-10
286.964 1.88329e-10
287.029 2.07539e-10
287.094 2.07861e-10
287.159 2.07694e-10
287.224 2.18566e-10
287.289 2.41953e-10
287.354 2.36895e-10
287.419 2.32494e-10
287.484 2.06918e-10
287.549 2.02086e-10
287.615 2.10375e-10
287.68 1.99333e-10
287.745 2.05334e-10
287.81 1.99508e-10
287.875 1.7509e-10
287.94 1.70032e-10
288.005 1.61114e-10
288.07 1.28796e-10
288.135 1.20568e-10
288.2 1.20271e-10
288.265 1.26311e-10
288.33 1.36256e-10
288.395 1.67923e-10
288.46 1.93711e-10
288.525 2.18617e-10
288.59 2.37287e-10
288.655 2.47214e-10
288.72 2.48409e-10
288.785 2.56603e-10
288.85 2.51088e-10
288.915 2.49438e-10
288.98 2.45402e-10
289.046 2.61635e-10
289.111 2.6843e-10
289.176 2.50363e-10
289.241 2.6549e-10
289.306 2.6892e-10
289.371 2.74389e-10
289.436 2.8407e-10
289.501 2.98766e-10
289.566 3.19292e-10
289.631 3.26964e-10
289.696 3.32985e-10
289.761 3.55481e-10
289.826 3.58476e-10
289.891 3.84009e-10
289.956 4.0048e-10
290.021 3.97465e-10
290.086 4.01791e-10
290.151 4.1797e-10
290.216 4.42747e-10
290.281 4.54689e-10
290.346 4.49816e-10
290.411 4.39147e-10
290.476 4.36697e-10
290.541 4.48659e-10
290.606 4.54585e-10
290.672 4.44731e-10
290.737 4.24615e-10
290.802 4.12417e-10
290.867 4.17656e-10
290.932 4.09751e-10
290.997 4.10344e-10
291.062 4.06611e-10
291.127 4.32299e-10
291.192 4.50385e-10
291.257 4.57569e-10
291.322 4.49246e-10
291.387 4.55153e-10
291.452 4.52063e-10
291.517 4.56283e-10
291.582 4.48524e-10
291.647 4.25492e-10
291.712 4.13926e-10
291.777 4.23437e-10
291.842 4.38785e-10
291.907 4.33199e-10
291.972 4.4303e-10
292.037 4.38281e-10
292.102 4.55378e-10
292.167 4.57914e-10
292.232 4.39464e-10
292.297 4.4419e-10
292.362 4.39744e-10
292.427 4.20525e-10
292.492 3.92344e-10
292.557 3.83188e-10
292.622 3.81333e-10
292.687 3.81745e-10
292.752 3.4651e-10
292.817 3.62767e-10
292.882 3.7933e-10
292.947 4.11556e-10
293.012 4.40913e-10
293.078 4.49817e-10
293.143 4.77512e-10
293.208 5.25239e-10
293.273 5.29831e-10
293.338 5.4106e-10
293.403 5.55565e-10
293.468 5.5595e-10
293.533 5.07555e-10
293.598 4.64593e-10
293.663 4.49983e-10
293.728 4.47629e-10
293.793 4.12392e-10
293.858 4.06397e-10
293.923 3.91507e-10
293.988 4.16998e-10
294.053 4.33481e-10
294.118 4.68378e-10
294.183 4.7386e-10
294.248 5.03368e-10
294.313 4.93807e-10
294.378 4.87187e-10
294.443 5.14071e-10
294.508 5.56977e-10
294.573 5.46039e-10
294.638 4.99295e-10
294.703 4.68721e-10
294.768 4.57299e-10
294.833 4.36616e-10
294.898 4.29037e-10
294.963 4.07745e-10
295.028 4.35702e-10
295.093 4.93508e-10
295.158 5.57872e-10
295.223 5.7687e-10
295.288 5.66732e-10
295.353 5.84927e-10
295.418 5.97332e-10
295.483 6.06675e-10
295.548 5.63109e-10
295.613 5.3581e-10
295.678 5.55742e-10
295.743 6.20755e-10
295.808 6.30639e-10
295.873 6.09939e-10
295.938 5.98523e-10
296.003 6.02663e-10
296.068 6.65988e-10
296.133 6.89366e-10
296.198 6.93912e-10
296.263 6.93616e-10
296.328 7.02034e-10
296.393 6.6437e-10
296.458 6.37817e-10
296.523 5.62072e-10
296.588 5.04307e-10
296.653 4.57393e-10
296.718 4.51967e-10
296.783 4.3313e-10
296.848 4.26372e-10
296.913 4.21523e-10
296.978 4.67957e-10
297.043 5.23083e-10
297.108 5.23024e-10
297.173 4.86854e-10
297.238 4.72649e-10
297.303 5.43934e-10
297.368 6.1412e-10
297.433 6.42203e-10
297.498 6.21476e-10
297.563 6.81588e-10
297.628 8.06403e-10
297.693 8.75695e-10
297.758 8.82728e-10
297.823 8.52839e-10
297.888 8.52295e-10
297.953 8.33501e-10
298.018 7.80813e-10
298.083 6.78895e-10
298.148 6.11599e-10
298.213 5.70852e-10
298.278 5.24634e-10
298.343 4.86729e-10
298.408 4.54773e-10
298.473 4.67716e-10
298.538 4.98589e-10
298.603 4.59925e-10
298.668 5.01345e-10
298.733 5.43183e-10
298.798 5.95732e-10
298.863 6.84543e-10
298.928 7.60308e-10
298.993 7.96535e-10
299.058 8.356e-10
299.123 8.8461e-10
299.188 8.97419e-10
299.253 8.6861e-10
299.318 7.74386e-10
299.383 7.09449e-10
299.448 7.12135e-10
299.513 7.16374e-10
