723.636 4.21118e-07
723.761 4.49653e-07
723.886 5.22525e-07
724.011 5.54471e-07
724.136 4.8942e-07
724.261 4.73444e-07
724.386 4.72433e-07
724.511 4.9616e-07
724.636 4.6906e-07
724.761 4.96806e-07
724.885 5.21645e-07
725.01 5.37509e-07
725.135 5.36419e-07
725.26 5.0644e-07
725.385 4.38514e-07
725.51 4.27789e-07
725.635 4.86664e-07
725.76 5.49616e-07
725.885 5.28405e-07
726.01 5.21428e-07
726.134 5.28291e-07
726.259 5.18506e-07
726.384 5.05151e-07
726.509 4.93416e-07
726.634 4.60917e-07
726.758 4.75159e-07
726.883 5.30545e-07
727.008 5.69354e-07
727.133 5.50051e-07
727.258 5.47121e-07
727.382 5.18111e-07
727.507 5.14307e-07
727.632 4.82538e-07
727.757 4.5456e-07
727.881 4.13008e-07
728.006 4.5293e-07
728.131 5.20685e-07
728.255 5.4908e-07
728.38 5.37382e-07
728.505 5.45784e-07
728.629 5.64792e-07
728.754 5.67171e-07
728.879 5.22166e-07
729.003 4.86437e-07
729.128 4.48309e-07
729.252 4.49923e-07
729.377 4.46787e-07
729.502 4.87375e-07
729.626 5.03512e-07
729.751 5.39707e-07
729.875 5.67704e-07
730 5.72096e-07
730.124 5.46295e-07
730.249 5.32145e-07
730.373 5.07438e-07
730.498 4.72659e-07
730.622 4.83705e-07
730.747 5.35644e-07
730.871 5.63339e-07
730.996 5.31383e-07
731.12 4.97135e-07
731.245 4.93346e-07
731.369 5.14625e-07
731.494 5.46696e-07
731.618 5.52785e-07
731.742 5.50596e-07
731.867 5.14754e-07
731.991 5.04718e-07
732.116 5.23905e-07
732.24 5.65948e-07
732.364 5.84267e-07
732.489 5.85908e-07
732.613 5.80003e-07
732.737 5.57174e-07
732.862 5.5119e-07
732.986 5.62312e-07
733.11 5.77443e-07
733.234 5.77949e-07
733.359 5.6305e-07
733.483 5.5885e-07
733.607 5.52413e-07
733.732 5.7421e-07
733.856 5.92896e-07
733.98 6.09152e-07
734.104 6.07297e-07
734.228 6.0309e-07
734.353 6.02993e-07
734.477 5.86048e-07
734.601 5.75309e-07
734.725 5.7831e-07
734.849 5.93844e-07
734.973 5.85595e-07
735.098 5.679e-07
735.222 5.64742e-07
735.346 5.79388e-07
735.47 5.84692e-07
735.594 5.8511e-07
735.718 5.72814e-07
735.842 5.70875e-07
735.966 5.79829e-07
736.09 5.84998e-07
736.214 5.75974e-07
736.338 5.67005e-07
736.462 5.64294e-07
736.586 5.72214e-07
736.71 5.75948e-07
736.834 5.90187e-07
736.958 5.82183e-07
737.082 5.77655e-07
737.206 5.77473e-07
737.33 5.91373e-07
737.454 5.9454e-07
737.578 5.95654e-07
737.702 5.94884e-07
737.826 5.93954e-07
737.95 5.95137e-07
738.074 6.0194e-07
738.198 6.03028e-07
738.322 5.92958e-07
738.445 5.76404e-07
738.569 5.76341e-07
738.693 5.75904e-07
738.817 5.73177e-07
738.941 5.67011e-07
739.065 5.60622e-07
739.188 5.65805e-07
739.312 5.79857e-07
739.436 5.82599e-07
739.56 5.90652e-07
739.684 5.86087e-07
739.807 5.91092e-07
739.931 5.94824e-07
740.055 5.97501e-07
740.179 5.94208e-07
740.302 5.89348e-07
740.426 5.99806e-07
740.55 6.0861e-07
740.673 5.9722e-07
740.797 5.95729e-07
740.921 5.90235e-07
741.044 5.84023e-07
741.168 5.66456e-07
741.292 5.73291e-07
741.415 5.9006e-07
741.539 5.97809e-07
741.663 5.80257e-07
741.786 5.7725e-07
741.91 5.88002e-07
742.033 6.02714e-07
742.157 6.02712e-07
742.281 5.94589e-07
742.404 5.76845e-07
742.528 5.71767e-07
742.651 5.87407e-07
742.775 6.0519e-07
742.898 6.13496e-07
743.022 6.15276e-07
743.145 6.09466e-07
743.269 6.05597e-07
743.392 6.05011e-07
743.516 6.12059e-07
743.639 6.1239e-07
743.762 6.11785e-07
743.886 6.11126e-07
744.009 6.13957e-07
744.133 6.05979e-07
744.256 6.00829e-07
744.379 5.94234e-07
744.503 6.0482e-07
744.626 5.92513e-07
744.75 5.87303e-07
744.873 5.83054e-07
744.996 6.00338e-07
745.12 6.06414e-07
745.243 6.11893e-07
745.366 6.14113e-07
745.49 6.13404e-07
745.613 6.13614e-07
745.736 6.14057e-07
745.859 6.14473e-07
745.983 6.15013e-07
746.106 6.13778e-07
746.229 6.06679e-07
746.352 5.89434e-07
746.476 5.89601e-07
746.599 6.01291e-07
746.722 6.12248e-07
746.845 6.15597e-07
746.968 6.1563e-07
747.092 6.16293e-07
747.215 6.1635e-07
747.338 6.13539e-07
747.461 6.10117e-07
747.584 6.09088e-07
747.707 6.08185e-07
747.83 6.08982e-07
747.953 6.08279e-07
748.077 6.12112e-07
748.2 6.13256e-07
748.323 6.07043e-07
748.446 6.06297e-07
748.569 6.10191e-07
748.692 6.12724e-07
748.815 6.14728e-07
748.938 6.1434e-07
749.061 6.14504e-07
749.184 6.09373e-07
749.307 6.0329e-07
749.43 6.01498e-07
749.553 5.88942e-07
749.676 5.79918e-07
749.799 5.84012e-07
749.922 6.06743e-07
750.045 6.12256e-07
750.167 6.12468e-07
750.29 6.13541e-07
750.413 6.14135e-07
750.536 6.1312e-07
750.659 6.10227e-07
750.782 6.02066e-07
750.905 6.00679e-07
751.028 6.0567e-07
751.15 5.93985e-07
751.273 5.79716e-07
751.396 5.80132e-07
751.519 6.05993e-07
751.642 6.11644e-07
751.765 6.1134e-07
751.887 6.1465e-07
752.01 6.16375e-07
752.133 6.1599e-07
752.256 6.15142e-07
752.378 6.00671e-07
752.501 5.96604e-07
752.624 5.90845e-07
752.746 6.02408e-07
752.869 6.07218e-07
752.992 6.14213e-07
753.115 6.12231e-07
753.237 5.96974e-07
753.36 5.94637e-07
753.482 6.01548e-07
753.605 6.13127e-07
753.728 6.16427e-07
753.85 6.17082e-07
753.973 6.17099e-07
754.096 6.16174e-07
754.218 6.14627e-07
754.341 6.13965e-07
754.463 6.14815e-07
754.586 6.15932e-07
754.708 6.09136e-07
754.831 6.04149e-07
754.953 6.05201e-07
755.076 6.1331e-07
755.198 6.14039e-07
755.321 6.15132e-07
755.443 6.14139e-07
755.566 6.0735e-07
755.688 5.97139e-07
755.811 5.97914e-07
755.933 6.04381e-07
756.056 6.07767e-07
756.178 6.06947e-07
756.3 6.09798e-07
756.423 6.13139e-07
756.545 6.13342e-07
756.668 6.13607e-07
756.79 6.12609e-07
756.912 6.06154e-07
757.035 5.97709e-07
757.157 6.00551e-07
757.279 6.09104e-07
757.402 6.11364e-07
757.524 6.00766e-07
757.646 6.00439e-07
757.769 6.07511e-07
757.891 6.16113e-07
758.013 6.15455e-07
758.135 6.13824e-07
758.258 6.1393e-07
758.38 6.08434e-07
758.502 5.96697e-07
758.624 5.88674e-07
758.746 5.80179e-07
758.869 5.84459e-07
758.991 5.95859e-07
759.113 6.04633e-07
759.235 6.06576e-07
759.357 5.96081e-07
759.479 4.8247e-07
759.602 3.1064e-07
759.724 1.4628e-07
759.846 9.4466e-08
759.968 8.23864e-08
760.09 7.06143e-08
760.212 5.05001e-08
760.334 3.37393e-08
760.456 2.5274e-08
760.578 1.98179e-08
760.7 1.75474e-08
760.822 1.9052e-08
760.944 2.35486e-08
761.066 2.60753e-08
761.188 4.28839e-08
761.31 4.93433e-08
761.432 7.96705e-08
761.554 1.10849e-07
761.676 1.42695e-07
761.798 2.27552e-07
761.92 3.6547e-07
762.042 4.6652e-07
762.164 3.88842e-07
762.286 3.0273e-07
762.408 2.04996e-07
762.53 1.64801e-07
762.651 1.52405e-07
762.773 1.56439e-07
762.895 1.37445e-07
763.017 1.30331e-07
763.139 1.58521e-07
763.261 1.44873e-07
763.383 1.22117e-07
763.504 1.76194e-07
763.626 1.81923e-07
763.748 1.33769e-07
763.87 1.74758e-07
763.991 2.33346e-07
764.113 1.97149e-07
764.235 1.58952e-07
764.357 2.47661e-07
764.478 2.91619e-07
764.6 2.1662e-07
764.722 2.02815e-07
764.843 3.16834e-07
764.965 3.53881e-07
765.087 2.57016e-07
765.208 2.44404e-07
765.33 3.68589e-07
765.452 4.24279e-07
765.573 3.2437e-07
765.695 2.88733e-07
765.816 3.81659e-07
765.938 4.72328e-07
766.06 3.91919e-07
766.181 3.28147e-07
766.303 3.82905e-07
766.424 5.03222e-07
766.546 4.94746e-07
766.667 4.06118e-07
766.789 4.0265e-07
766.91 4.97221e-07
767.032 5.71842e-07
767.153 5.18006e-07
767.275 4.59364e-07
767.396 4.8091e-07
767.518 5.56367e-07
767.639 5.99041e-07
767.76 5.52903e-07
767.882 5.11456e-07
768.003 5.23042e-07
768.125 5.64484e-07
768.246 5.93689e-07
768.367 5.65787e-07
768.489 5.47822e-07
768.61 5.51617e-07
768.731 5.87964e-07
768.853 6.10937e-07
768.974 5.91804e-07
769.095 5.64233e-07
769.217 5.47503e-07
769.338 5.63095e-07
769.459 5.8777e-07
769.58 6.04437e-07
769.702 5.92515e-07
769.823 5.82523e-07
769.944 5.72264e-07
770.065 5.77907e-07
770.187 5.86751e-07
770.308 6.06323e-07
770.429 6.05844e-07
770.55 6.03115e-07
770.671 6.08712e-07
770.792 6.17497e-07
770.914 6.197e-07
771.035 6.13803e-07
771.156 5.98769e-07
771.277 5.90328e-07
771.398 5.93991e-07
771.519 5.88817e-07
771.64 5.85096e-07
771.761 5.87279e-07
771.882 6.03738e-07
772.003 6.09119e-07
772.124 6.0888e-07
772.245 6.10046e-07
772.366 6.06403e-07
772.487 6.03283e-07
772.608 6.02501e-07
772.729 6.11341e-07
772.85 6.00678e-07
772.971 6.00975e-07
773.092 6.02897e-07
773.213 6.15112e-07
773.334 6.13742e-07
773.455 6.11262e-07
773.576 6.10885e-07
773.697 6.13181e-07
773.817 6.15354e-07
773.938 6.16942e-07
774.059 6.1749e-07
774.18 6.17308e-07
774.301 6.07573e-07
774.422 5.945e-07
774.542 5.94266e-07
774.663 6.02435e-07
774.784 6.07523e-07
774.905 5.90461e-07
775.025 5.79037e-07
775.146 5.7876e-07
775.267 5.98499e-07
775.388 6.07937e-07
775.508 6.14282e-07
775.629 6.14941e-07
775.75 6.14856e-07
775.87 6.15695e-07
775.991 6.15415e-07
776.112 6.11869e-07
776.232 6.10441e-07
776.353 6.117e-07
776.473 6.15018e-07
776.594 6.16852e-07
776.715 6.17334e-07
776.835 6.17508e-07
776.956 6.19073e-07
777.076 6.18286e-07
777.197 6.15394e-07
777.317 6.04805e-07
777.438 6.00357e-07
777.558 5.9428e-07
777.679 5.97276e-07
777.799 6.02632e-07
777.92 6.1234e-07
778.04 6.12848e-07
778.161 5.94765e-07
778.281 5.92089e-07
778.402 5.98852e-07
778.522 6.16201e-07
778.642 6.18281e-07
778.763 6.17846e-07
778.883 6.15467e-07
779.003 6.01305e-07
779.124 6.01143e-07
779.244 6.05501e-07
779.365 6.16557e-07
779.485 6.17841e-07
779.605 6.18268e-07
779.725 6.18193e-07
779.846 6.05082e-07
779.966 5.99497e-07
780.086 5.91895e-07
780.206 5.99144e-07
780.327 6.0313e-07
780.447 6.1216e-07
780.567 6.15172e-07
780.687 6.15782e-07
780.807 6.12804e-07
780.928 6.04141e-07
781.048 6.03768e-07
781.168 5.99857e-07
781.288 6.0041e-07
781.408 6.01623e-07
781.528 6.09445e-07
781.648 6.15071e-07
781.768 6.14564e-07
781.888 6.15294e-07
782.008 6.15588e-07
782.128 6.15127e-07
782.248 6.144e-07
782.369 6.14309e-07
782.489 6.14858e-07
782.609 6.15152e-07
782.728 6.13114e-07
782.848 6.12308e-07
782.968 6.1046e-07
783.088 6.12594e-07
783.208 6.07557e-07
783.328 5.85383e-07
783.448 5.80403e-07
783.568 5.83638e-07
783.688 5.88639e-07
783.808 5.87291e-07
783.927 5.91128e-07
784.047 6.03168e-07
784.167 6.03545e-07
784.287 6.04121e-07
784.407 6.0244e-07
