299.711 1.06862e-09
299.776 1.20652e-09
299.841 1.13811e-09
299.906 1.02752e-09
299.971 9.90539e-10
300.036 8.52702e-10
300.101 7.7037e-10
300.166 7.69473e-10
300.231 5.84609e-10
300.296 8.52565e-10
300.361 8.72315e-10
300.426 8.97463e-10
300.491 1.05209e-09
300.556 9.81972e-10
300.621 1.03888e-09
300.686 9.84355e-10
300.751 1.19016e-09
300.816 1.11059e-09
300.881 9.27492e-10
300.946 9.14754e-10
301.011 1.08715e-09
301.076 1.18984e-09
301.141 1.35654e-09
301.206 1.45265e-09
301.271 1.47133e-09
301.336 1.46126e-09
301.401 1.49268e-09
301.466 1.41578e-09
301.531 1.48179e-09
301.596 1.37748e-09
301.661 1.47259e-09
301.726 1.42156e-09
301.791 1.24781e-09
301.856 1.18681e-09
301.921 9.66103e-10
301.986 8.38934e-10
302.051 7.22632e-10
302.116 8.4258e-10
302.181 9.349e-10
302.246 1.25677e-09
302.311 1.33722e-09
302.375 1.48088e-09
302.44 1.61357e-09
302.505 1.53607e-09
302.57 1.62178e-09
302.635 1.84298e-09
302.7 1.88065e-09
302.765 2.1385e-09
302.83 2.3183e-09
302.895 2.44073e-09
302.96 2.61169e-09
303.025 2.55376e-09
303.09 2.52616e-09
303.155 2.66915e-09
303.22 2.7364e-09
303.285 2.95827e-09
303.35 2.84698e-09
303.415 3.17163e-09
303.48 3.3553e-09
303.545 3.34555e-09
303.61 2.80211e-09
303.675 2.83331e-09
303.74 2.76541e-09
303.805 2.71503e-09
303.87 2.58913e-09
303.935 2.62304e-09
304 2.41836e-09
304.065 2.58494e-09
304.13 2.76993e-09
304.195 2.84454e-09
304.26 2.96877e-09
304.325 3.06765e-09
304.39 3.22002e-09
304.455 3.6056e-09
304.52 3.87272e-09
304.585 3.93411e-09
304.65 3.61582e-09
304.715 3.56135e-09
304.78 3.82773e-09
304.845 3.94368e-09
304.91 3.8818e-09
304.975 3.92982e-09
305.04 4.61037e-09
305.105 5.33566e-09
305.17 5.95695e-09
305.235 5.91946e-09
305.3 5.75689e-09
305.365 5.83993e-09
305.429 5.99099e-09
305.494 6.19305e-09
305.559 5.5117e-09
305.624 4.90499e-09
305.689 4.52636e-09
305.754 4.36641e-09
305.819 4.07495e-09
305.884 4.01233e-09
305.949 4.07794e-09
306.014 4.18021e-09
306.079 4.87812e-09
306.144 5.59885e-09
306.209 5.82744e-09
306.274 6.18051e-09
306.339 6.09669e-09
306.404 6.26287e-09
306.469 6.18988e-09
306.534 5.87114e-09
306.599 5.30919e-09
306.664 5.30022e-09
306.729 5.64383e-09
306.794 6.45163e-09
306.859 6.62679e-09
306.924 7.24954e-09
306.989 8.0784e-09
307.054 8.82373e-09
307.119 9.18038e-09
307.184 9.62499e-09
307.249 1.00867e-08
307.314 1.03609e-08
307.379 1.02994e-08
307.444 9.8317e-09
307.509 1.01731e-08
307.574 1.10613e-08
307.639 1.11967e-08
307.704 1.06417e-08
307.769 1.07735e-08
307.834 1.12436e-08
307.899 1.21406e-08
307.964 1.20682e-08
308.028 1.13337e-08
308.093 1.07438e-08
308.158 1.10938e-08
308.223 1.07977e-08
308.288 1.08418e-08
308.353 1.16399e-08
308.418 1.22679e-08
308.483 1.32342e-08
308.548 1.38893e-08
308.613 1.39268e-08
308.678 1.39716e-08
308.743 1.42054e-08
308.808 1.33247e-08
308.873 1.28082e-08
308.938 1.21377e-08
309.003 1.16505e-08
309.068 1.18097e-08
309.133 1.14441e-08
309.198 1.06415e-08
309.263 1.02334e-08
309.328 1.07513e-08
309.393 1.21133e-08
309.458 1.35715e-08
309.523 1.35447e-08
309.588 1.38548e-08
309.653 1.54147e-08
309.718 1.66411e-08
309.783 1.66422e-08
309.848 1.54328e-08
309.913 1.37597e-08
309.978 1.35664e-08
310.043 1.35688e-08
310.108 1.30696e-08
310.173 1.33348e-08
310.238 1.40367e-08
310.303 1.61781e-08
310.367 1.87995e-08
310.432 2.06211e-08
310.497 2.29547e-08
310.562 2.51964e-08
310.627 2.61585e-08
310.692 2.75427e-08
310.757 2.85375e-08
310.822 2.94343e-08
310.887 2.97944e-08
310.952 3.02155e-08
311.017 3.08753e-08
311.082 3.06049e-08
311.147 3.09119e-08
311.212 3.07432e-08
311.277 2.97721e-08
311.342 2.96122e-08
311.407 3.0726e-08
311.472 3.104e-08
311.537 3.03358e-08
311.602 2.92428e-08
311.667 2.87388e-08
311.732 2.93517e-08
311.797 2.94023e-08
311.862 2.82363e-08
311.927 2.74303e-08
311.992 2.83929e-08
312.057 2.8461e-08
312.122 2.85254e-08
312.187 3.01709e-08
312.252 3.20434e-08
312.317 3.48199e-08
312.382 3.5139e-08
312.447 3.53461e-08
312.512 3.62546e-08
312.577 3.75134e-08
312.642 3.86271e-08
312.706 3.83776e-08
312.771 3.70905e-08
312.836 3.91224e-08
312.901 4.03022e-08
312.966 4.06181e-08
313.031 4.14853e-08
313.096 4.02316e-08
313.161 4.02424e-08
313.226 4.02077e-08
313.291 3.76853e-08
313.356 3.72066e-08
313.421 3.77825e-08
313.486 3.69537e-08
313.551 3.67811e-08
313.616 3.76306e-08
313.681 3.94909e-08
313.746 4.31446e-08
313.811 4.52493e-08
313.876 4.6194e-08
313.941 4.81988e-08
314.006 5.10948e-08
314.071 5.346e-08
314.136 5.31655e-08
314.201 5.10601e-08
314.266 4.63997e-08
314.331 4.30713e-08
314.396 4.14137e-08
314.461 4.00216e-08
314.526 3.93524e-08
314.591 3.85126e-08
314.656 3.97404e-08
314.721 4.53826e-08
314.786 5.20177e-08
314.851 5.50981e-08
314.915 5.64677e-08
314.98 5.73041e-08
315.045 5.93777e-08
315.11 6.03779e-08
315.175 6.04512e-08
315.24 5.91665e-08
315.305 5.69109e-08
315.37 5.56924e-08
315.435 5.40679e-08
315.5 5.30119e-08
315.565 4.99386e-08
315.63 4.60158e-08
315.695 4.2541e-08
315.76 3.99283e-08
315.825 3.85326e-08
315.89 3.74389e-08
315.955 3.60252e-08
316.02 3.61999e-08
316.085 3.88936e-08
316.15 4.16402e-08
316.215 4.76224e-08
316.28 5.11095e-08
316.345 5.28345e-08
316.41 5.66844e-08
316.475 6.00411e-08
316.54 6.19508e-08
316.605 6.63114e-08
316.67 6.61842e-08
316.735 6.57607e-08
316.8 6.7289e-08
316.865 6.85883e-08
316.93 7.11676e-08
316.994 7.53279e-08
317.059 7.44944e-08
317.124 7.75171e-08
317.189 8.20714e-08
317.254 8.49548e-08
317.319 8.61292e-08
317.384 8.3883e-08
317.449 8.08474e-08
317.514 8.15935e-08
317.579 8.12497e-08
317.644 7.82499e-08
317.709 7.64009e-08
317.774 7.24266e-08
317.839 6.86197e-08
317.904 6.61044e-08
317.969 6.1957e-08
318.034 5.58318e-08
318.099 5.40254e-08
318.164 5.40676e-08
318.229 5.59313e-08
318.294 5.99546e-08
318.359 6.3052e-08
318.424 6.64744e-08
318.489 7.19048e-08
318.554 7.49087e-08
318.619 7.86848e-08
318.684 8.13369e-08
318.749 8.44338e-08
318.814 9.2976e-08
318.878 9.74447e-08
318.943 9.6504e-08
319.008 9.74741e-08
319.073 9.42457e-08
319.138 8.79252e-08
319.203 8.31848e-08
319.268 7.54559e-08
319.333 6.89464e-08
319.398 6.72917e-08
319.463 6.57215e-08
319.528 6.73413e-08
319.593 7.01121e-08
319.658 7.53825e-08
319.723 8.02711e-08
319.788 8.53635e-08
319.853 8.45963e-08
319.918 8.38546e-08
319.983 8.51921e-08
320.048 9.11142e-08
320.113 9.03222e-08
320.178 8.74112e-08
320.243 8.84571e-08
320.308 9.49274e-08
320.373 1.02852e-07
320.438 1.03906e-07
320.502 1.05574e-07
320.567 1.11014e-07
320.632 1.15829e-07
320.697 1.15275e-07
320.762 1.11525e-07
320.827 1.09321e-07
320.892 1.08585e-07
320.957 1.03073e-07
321.022 9.77869e-08
321.087 9.04791e-08
321.152 8.78035e-08
321.217 8.56829e-08
321.282 8.0979e-08
321.347 7.99066e-08
321.412 8.28581e-08
321.477 8.51585e-08
321.542 8.8935e-08
321.607 8.7252e-08
321.672 9.20303e-08
321.737 1.00323e-07
321.802 1.03287e-07
321.867 1.01111e-07
321.931 1.01773e-07
321.996 1.02653e-07
322.061 1.01276e-07
322.126 9.64031e-08
322.191 8.95235e-08
322.256 8.94498e-08
322.321 9.30605e-08
322.386 9.02335e-08
322.451 8.4239e-08
322.516 8.44129e-08
322.581 8.44473e-08
322.646 8.33424e-08
322.711 7.77668e-08
322.776 7.19395e-08
322.841 6.87778e-08
322.906 7.11688e-08
322.971 7.45136e-08
323.036 7.74563e-08
323.1 8.45106e-08
323.165 8.93245e-08
323.23 9.43555e-08
323.295 9.67031e-08
323.36 9.78313e-08
323.425 1.00482e-07
323.49 9.98781e-08
323.555 9.49018e-08
323.62 9.72738e-08
323.685 1.00774e-07
323.75 1.05633e-07
323.815 1.0534e-07
323.88 1.08047e-07
323.945 1.13411e-07
324.01 1.20709e-07
324.075 1.19202e-07
324.14 1.18429e-07
324.204 1.18499e-07
324.269 1.21511e-07
324.334 1.21708e-07
324.399 1.20077e-07
324.464 1.20811e-07
324.529 1.24647e-07
324.594 1.20019e-07
324.659 1.16514e-07
324.724 1.13321e-07
324.789 1.10302e-07
324.854 1.0664e-07
324.919 1.01521e-07
324.984 9.5435e-08
325.049 9.78512e-08
325.114 1.02369e-07
325.178 1.07157e-07
325.243 1.10372e-07
325.308 1.09362e-07
325.373 1.15984e-07
325.438 1.24447e-07
325.503 1.28089e-07
325.568 1.33071e-07
325.633 1.34536e-07
325.698 1.40126e-07
325.763 1.49223e-07
325.828 1.53675e-07
325.893 1.54683e-07
325.958 1.59485e-07
326.022 1.59823e-07
326.087 1.625e-07
326.152 1.66794e-07
326.217 1.66216e-07
326.282 1.63334e-07
326.347 1.58937e-07
326.412 1.53249e-07
326.477 1.55219e-07
326.542 1.60781e-07
326.607 1.5982e-07
326.672 1.60725e-07
326.737 1.6503e-07
326.801 1.70231e-07
326.866 1.73852e-07
326.931 1.7287e-07
326.996 1.63386e-07
327.061 1.56283e-07
327.126 1.55293e-07
327.191 1.52593e-07
327.256 1.51023e-07
327.321 1.48748e-07
327.386 1.51355e-07
327.451 1.57242e-07
327.515 1.58434e-07
327.58 1.55437e-07
327.645 1.52802e-07
327.71 1.51466e-07
327.775 1.47391e-07
327.84 1.40253e-07
327.905 1.34587e-07
327.97 1.35741e-07
328.035 1.36259e-07
328.1 1.3462e-07
328.164 1.32695e-07
328.229 1.36506e-07
328.294 1.41994e-07
328.359 1.44559e-07
328.424 1.44204e-07
328.489 1.45413e-07
328.554 1.41144e-07
328.619 1.40511e-07
328.684 1.40161e-07
328.749 1.36385e-07
328.813 1.39578e-07
328.878 1.4849e-07
328.943 1.53849e-07
329.008 1.66173e-07
329.073 1.73838e-07
329.138 1.77972e-07
329.203 1.86492e-07
329.268 1.92738e-07
329.332 1.91635e-07
329.397 1.89458e-07
329.462 1.90906e-07
329.527 1.9433e-07
329.592 1.98217e-07
329.657 1.97522e-07
329.722 1.91107e-07
329.787 1.91755e-07
329.851 1.93757e-07
329.916 1.99593e-07
329.981 2.05831e-07
330.046 2.02646e-07
330.111 1.97514e-07
330.176 1.92201e-07
330.241 1.89705e-07
330.306 1.85458e-07
330.37 1.73246e-07
330.435 1.60826e-07
330.5 1.50724e-07
330.565 1.48432e-07
330.63 1.49251e-07
330.695 1.48132e-07
330.76 1.46307e-07
330.824 1.4917e-07
330.889 1.49004e-07
330.954 1.57548e-07
331.019 1.62547e-07
331.084 1.60305e-07
331.149 1.55484e-07
331.214 1.54066e-07
331.278 1.49433e-07
331.343 1.43764e-07
331.408 1.42479e-07
331.473 1.36943e-07
331.538 1.38798e-07
331.603 1.41971e-07
331.667 1.40924e-07
331.732 1.43465e-07
331.797 1.48345e-07
331.862 1.51266e-07
331.927 1.47324e-07
