724.372 4.85941e-07
724.497 5.09189e-07
724.622 4.84777e-07
724.747 5.06119e-07
724.872 5.34024e-07
724.997 5.56904e-07
725.122 5.56651e-07
725.247 5.3222e-07
725.372 4.53233e-07
725.497 4.30939e-07
725.622 4.88867e-07
725.747 5.69671e-07
725.872 5.50373e-07
725.996 5.40282e-07
726.121 5.44596e-07
726.246 5.39521e-07
726.371 5.22636e-07
726.496 5.11302e-07
726.621 4.73129e-07
726.746 4.83041e-07
726.871 5.43272e-07
726.996 5.96047e-07
727.12 5.74285e-07
727.245 5.72795e-07
727.37 5.38031e-07
727.495 5.35347e-07
727.62 4.99188e-07
727.744 4.7042e-07
727.869 4.15444e-07
727.994 4.54538e-07
728.119 5.28926e-07
728.243 5.69748e-07
728.368 5.58836e-07
728.493 5.70102e-07
728.618 5.89525e-07
728.742 5.98386e-07
728.867 5.44718e-07
728.992 5.06512e-07
729.117 4.60345e-07
729.241 4.5997e-07
729.366 4.51855e-07
729.49 4.98807e-07
729.615 5.14299e-07
729.74 5.56794e-07
729.864 5.88689e-07
729.989 6.01343e-07
730.114 5.69379e-07
730.238 5.5389e-07
730.363 5.24114e-07
730.487 4.85696e-07
730.612 4.92826e-07
730.736 5.49236e-07
730.861 5.90851e-07
730.986 5.5638e-07
731.11 5.14489e-07
731.235 5.07722e-07
731.359 5.2819e-07
731.484 5.66677e-07
731.608 5.74535e-07
731.733 5.75276e-07
731.857 5.33735e-07
731.982 5.16608e-07
732.106 5.3923e-07
732.23 5.85902e-07
732.355 6.14146e-07
732.479 6.1519e-07
732.604 6.10044e-07
732.728 5.84513e-07
732.852 5.76133e-07
732.977 5.86677e-07
733.101 6.04377e-07
733.226 6.04386e-07
733.35 5.89002e-07
733.474 5.78684e-07
733.599 5.74437e-07
733.723 5.97534e-07
733.847 6.21122e-07
733.971 6.40977e-07
734.096 6.40056e-07
734.22 6.34467e-07
734.344 6.34442e-07
734.469 6.16796e-07
734.593 6.01606e-07
734.717 6.05103e-07
734.841 6.22719e-07
734.965 6.14968e-07
735.09 5.91424e-07
735.214 5.90207e-07
735.338 6.07654e-07
735.462 6.14738e-07
735.586 6.15365e-07
735.711 6.01416e-07
735.835 5.99492e-07
735.959 6.07729e-07
736.083 6.1468e-07
736.207 6.05449e-07
736.331 5.94786e-07
736.455 5.91179e-07
736.579 5.99379e-07
736.703 6.03114e-07
736.827 6.1939e-07
736.952 6.10444e-07
737.076 6.03905e-07
737.2 6.04141e-07
737.324 6.21996e-07
737.448 6.25824e-07
737.572 6.28362e-07
737.696 6.2673e-07
737.82 6.25445e-07
737.944 6.2621e-07
738.068 6.32865e-07
738.192 6.36262e-07
738.315 6.24449e-07
738.439 6.05579e-07
738.563 6.04574e-07
738.687 6.05667e-07
738.811 6.05738e-07
738.935 5.97799e-07
739.059 5.91222e-07
739.183 5.92661e-07
739.307 6.06378e-07
739.431 6.12602e-07
739.554 6.22278e-07
739.678 6.16875e-07
739.802 6.21272e-07
739.926 6.23191e-07
740.05 6.2917e-07
740.173 6.24793e-07
740.297 6.19719e-07
740.421 6.32409e-07
740.545 6.4254e-07
740.669 6.28938e-07
740.792 6.27961e-07
740.916 6.23512e-07
741.04 6.14907e-07
741.163 5.9526e-07
741.287 6.02016e-07
741.411 6.22829e-07
741.535 6.29577e-07
741.658 6.10717e-07
741.782 6.07118e-07
741.906 6.19417e-07
742.029 6.356e-07
742.153 6.35543e-07
742.276 6.26814e-07
742.4 6.08068e-07
742.524 6.02257e-07
742.647 6.17264e-07
742.771 6.37515e-07
742.894 6.45749e-07
743.018 6.48915e-07
743.142 6.43736e-07
743.265 6.38783e-07
743.389 6.3894e-07
743.512 6.46461e-07
743.636 6.45496e-07
743.759 6.46327e-07
743.883 6.45726e-07
744.006 6.47933e-07
744.13 6.39903e-07
744.253 6.33913e-07
744.377 6.28031e-07
744.5 6.38272e-07
744.623 6.25519e-07
744.747 6.19705e-07
744.87 6.14909e-07
744.994 6.32765e-07
745.117 6.39682e-07
745.24 6.43675e-07
745.364 6.46449e-07
745.487 6.45597e-07
745.61 6.45613e-07
745.734 6.46703e-07
745.857 6.47704e-07
745.98 6.48956e-07
746.104 6.48573e-07
746.227 6.39657e-07
746.35 6.22978e-07
746.474 6.21235e-07
746.597 6.3448e-07
746.72 6.48026e-07
746.843 6.50233e-07
746.967 6.502e-07
747.09 6.50436e-07
747.213 6.49958e-07
747.336 6.48004e-07
747.46 6.44004e-07
747.583 6.43986e-07
747.706 6.40887e-07
747.829 6.41657e-07
747.952 6.42473e-07
748.075 6.46166e-07
748.198 6.46144e-07
748.322 6.40004e-07
748.445 6.39994e-07
748.568 6.44187e-07
748.691 6.47743e-07
748.814 6.48723e-07
748.937 6.49244e-07
749.06 6.49323e-07
749.183 6.42906e-07
749.306 6.36303e-07
749.429 6.34953e-07
749.552 6.21609e-07
749.675 6.12037e-07
749.798 6.15829e-07
749.921 6.40355e-07
750.044 6.46646e-07
750.167 6.46705e-07
750.29 6.48593e-07
750.413 6.48895e-07
750.536 6.48181e-07
750.659 6.43513e-07
750.782 6.35358e-07
750.905 6.34707e-07
751.028 6.38216e-07
751.151 6.25399e-07
751.274 6.11327e-07
751.397 6.13775e-07
751.519 6.36154e-07
751.642 6.45485e-07
751.765 6.4586e-07
751.888 6.49007e-07
752.011 6.50212e-07
752.134 6.51512e-07
752.256 6.47768e-07
752.379 6.33047e-07
752.502 6.29553e-07
752.625 6.22605e-07
752.748 6.35679e-07
752.87 6.41234e-07
752.993 6.49604e-07
753.116 6.46021e-07
753.239 6.30028e-07
753.361 6.27465e-07
753.484 6.34261e-07
753.607 6.47123e-07
753.729 6.5088e-07
753.852 6.51514e-07
753.975 6.51291e-07
754.097 6.4916e-07
754.22 6.48443e-07
754.343 6.47972e-07
754.465 6.47934e-07
754.588 6.50292e-07
754.71 6.4191e-07
754.833 6.37006e-07
754.956 6.37412e-07
755.078 6.44418e-07
755.201 6.49438e-07
755.323 6.47932e-07
755.446 6.47556e-07
755.568 6.42529e-07
755.691 6.29799e-07
755.813 6.28706e-07
755.936 6.37854e-07
756.058 6.39903e-07
756.181 6.3972e-07
756.303 6.4295e-07
756.426 6.46364e-07
756.548 6.47415e-07
756.671 6.47601e-07
756.793 6.46811e-07
756.916 6.39609e-07
757.038 6.30333e-07
757.16 6.32742e-07
757.283 6.43086e-07
757.405 6.44918e-07
757.528 6.33082e-07
757.65 6.33195e-07
757.772 6.41311e-07
757.895 6.47964e-07
758.017 6.48712e-07
758.139 6.47558e-07
758.262 6.45558e-07
758.384 6.41843e-07
758.506 6.29163e-07
758.628 6.18932e-07
758.751 6.11373e-07
758.873 6.15461e-07
758.995 6.28248e-07
759.117 6.35269e-07
759.24 6.38553e-07
759.362 6.2443e-07
759.484 4.98586e-07
759.606 3.11221e-07
759.728 1.38404e-07
759.851 8.66989e-08
759.973 7.61735e-08
760.095 6.40217e-08
760.217 4.50765e-08
760.339 2.93829e-08
760.461 2.12191e-08
760.583 1.64393e-08
760.706 1.40827e-08
760.828 1.56423e-08
760.95 2.03577e-08
761.072 2.28012e-08
761.194 3.95294e-08
761.316 4.60275e-08
761.438 7.75924e-08
761.56 1.09456e-07
761.682 1.43047e-07
761.804 2.35673e-07
761.926 3.84735e-07
762.048 4.86083e-07
762.17 3.98098e-07
762.292 3.07863e-07
762.414 2.04494e-07
762.536 1.6259e-07
762.658 1.5238e-07
762.78 1.55374e-07
762.902 1.33746e-07
763.024 1.30204e-07
763.146 1.58367e-07
763.267 1.41321e-07
763.389 1.2196e-07
763.511 1.78413e-07
763.633 1.7925e-07
763.755 1.3037e-07
763.877 1.7986e-07
763.999 2.35353e-07
764.12 1.93159e-07
764.242 1.59745e-07
764.364 2.573e-07
764.486 2.94628e-07
764.608 2.11944e-07
764.729 2.07919e-07
764.851 3.31473e-07
764.973 3.5884e-07
765.095 2.53879e-07
765.216 2.52938e-07
765.338 3.8873e-07
765.46 4.33926e-07
765.581 3.24014e-07
765.703 2.96913e-07
765.825 4.02165e-07
765.946 4.9086e-07
766.068 3.97558e-07
766.19 3.34612e-07
766.311 4.03011e-07
766.433 5.30411e-07
766.555 5.0939e-07
766.676 4.14188e-07
766.798 4.18968e-07
766.919 5.26848e-07
767.041 5.98386e-07
767.162 5.35119e-07
767.284 4.74839e-07
767.406 5.04824e-07
767.527 5.89595e-07
767.649 6.29313e-07
767.77 5.73029e-07
767.892 5.31928e-07
768.013 5.50047e-07
768.135 5.97823e-07
768.256 6.22817e-07
768.377 5.91686e-07
768.499 5.70748e-07
768.62 5.80021e-07
768.742 6.22184e-07
768.863 6.4337e-07
768.985 6.1822e-07
769.106 5.89533e-07
769.227 5.71652e-07
769.349 5.93161e-07
769.47 6.19989e-07
769.591 6.34109e-07
769.713 6.1922e-07
769.834 6.10875e-07
769.955 5.99099e-07
770.077 6.09139e-07
770.198 6.18318e-07
770.319 6.39544e-07
770.441 6.3492e-07
770.562 6.34269e-07
770.683 6.41318e-07
770.804 6.50047e-07
770.926 6.51908e-07
771.047 6.44586e-07
771.168 6.28344e-07
771.289 6.19794e-07
771.41 6.26429e-07
771.531 6.19257e-07
771.653 6.14834e-07
771.774 6.19213e-07
771.895 6.35229e-07
772.016 6.4133e-07
772.137 6.41339e-07
772.258 6.41278e-07
772.379 6.36406e-07
772.501 6.34538e-07
772.622 6.35824e-07
772.743 6.42478e-07
772.864 6.30688e-07
772.985 6.31709e-07
773.106 6.35517e-07
773.227 6.47718e-07
773.348 6.45351e-07
773.469 6.43145e-07
773.59 6.43763e-07
773.711 6.46552e-07
773.832 6.49531e-07
773.953 6.51424e-07
774.074 6.50991e-07
774.195 6.5081e-07
774.316 6.38812e-07
774.436 6.28509e-07
774.557 6.27115e-07
774.678 6.37607e-07
774.799 6.41176e-07
774.92 6.20482e-07
775.041 6.10008e-07
775.162 6.11193e-07
775.283 6.33034e-07
775.403 6.42182e-07
775.524 6.48514e-07
775.645 6.4907e-07
775.766 6.47405e-07
775.887 6.49287e-07
776.007 6.47691e-07
776.128 6.43535e-07
776.249 6.41372e-07
776.37 6.4518e-07
776.49 6.49316e-07
776.611 6.48834e-07
776.732 6.50311e-07
776.852 6.50981e-07
776.973 6.50162e-07
777.094 6.50543e-07
777.214 6.46463e-07
777.335 6.36229e-07
777.456 6.30739e-07
777.576 6.25655e-07
777.697 6.277e-07
777.817 6.35617e-07
777.938 6.45787e-07
778.059 6.43835e-07
778.179 6.2397e-07
778.3 6.23195e-07
778.42 6.3145e-07
778.541 6.49554e-07
778.661 6.49984e-07
778.782 6.501e-07
778.902 6.45409e-07
779.023 6.32622e-07
779.143 6.31948e-07
779.264 6.39497e-07
779.384 6.48975e-07
779.505 6.48385e-07
779.625 6.49748e-07
779.745 6.48716e-07
779.866 6.3468e-07
779.986 6.29659e-07
780.106 6.23338e-07
780.227 6.32224e-07
780.347 6.35589e-07
780.467 6.45266e-07
780.588 6.4772e-07
780.708 6.49022e-07
780.828 6.43084e-07
780.949 6.3582e-07
781.069 6.3548e-07
781.189 6.32437e-07
781.309 6.32511e-07
781.43 6.36297e-07
781.55 6.45116e-07
781.67 6.48907e-07
781.79 6.49153e-07
781.91 6.49489e-07
782.031 6.49795e-07
782.151 6.48561e-07
782.271 6.48616e-07
782.391 6.48354e-07
782.511 6.49068e-07
782.631 6.49636e-07
782.751 6.46271e-07
782.872 6.43908e-07
782.992 6.43344e-07
783.112 6.44473e-07
783.232 6.3584e-07
783.352 6.13497e-07
783.472 6.11709e-07
783.592 6.15926e-07
783.712 6.1947e-07
783.832 6.17088e-07
783.952 6.25493e-07
784.072 6.36356e-07
784.192 6.35411e-07
784.311 6.32856e-07
784.431 6.32834e-07
784.551 6.30453e-07
784.671 6.2921e-07
784.791 6.29044e-07
784.911 6.30165e-07
785.031 6.24947e-07
785.151 6.17436e-07
