722.965 5.57382e-07
723.09 5.7484e-07
723.215 5.97549e-07
723.34 5.21506e-07
723.465 4.54279e-07
723.59 3.86591e-07
723.715 4.12613e-07
723.84 4.89511e-07
723.965 5.64125e-07
724.09 5.27268e-07
724.215 4.6839e-07
724.34 4.73762e-07
724.464 4.84412e-07
724.589 4.74878e-07
724.714 4.7105e-07
724.839 5.07499e-07
724.964 5.36408e-07
725.089 5.4303e-07
725.214 5.35503e-07
725.338 4.50618e-07
725.463 3.98175e-07
725.588 4.38095e-07
725.713 5.47857e-07
725.837 5.47995e-07
725.962 5.21481e-07
726.087 5.19656e-07
726.212 5.25921e-07
726.336 5.04506e-07
726.461 4.95565e-07
726.586 4.56628e-07
726.711 4.4818e-07
726.835 5.05692e-07
726.96 5.9001e-07
727.085 5.68785e-07
727.209 5.6231e-07
727.334 5.32999e-07
727.459 5.27695e-07
727.583 4.90286e-07
727.708 4.62715e-07
727.832 3.77983e-07
727.957 3.96888e-07
728.082 4.77825e-07
728.206 5.54853e-07
728.331 5.51247e-07
728.455 5.60612e-07
728.58 5.81554e-07
728.704 6.1277e-07
728.829 5.54478e-07
728.954 5.05219e-07
729.078 4.51053e-07
729.203 4.38406e-07
729.327 4.19574e-07
729.452 4.61064e-07
729.576 4.80434e-07
729.701 5.2407e-07
729.825 5.63072e-07
729.949 6.04851e-07
730.074 5.68872e-07
730.198 5.48028e-07
730.323 5.09808e-07
730.447 4.69386e-07
730.571 4.48132e-07
730.696 5.05186e-07
730.82 5.81723e-07
730.945 5.67439e-07
731.069 5.10764e-07
731.193 4.7374e-07
731.318 4.93646e-07
731.442 5.33434e-07
731.566 5.59033e-07
731.691 5.71211e-07
731.815 5.31594e-07
731.939 4.84936e-07
732.063 5.0696e-07
732.188 5.51653e-07
732.312 6.1698e-07
732.436 6.18806e-07
732.561 6.17013e-07
732.685 5.94886e-07
732.809 5.71997e-07
732.933 5.73737e-07
733.057 5.98166e-07
733.182 6.05566e-07
733.306 5.99671e-07
733.43 5.67309e-07
733.554 5.69582e-07
733.678 5.73443e-07
733.802 6.16917e-07
733.927 6.43831e-07
734.051 6.51346e-07
734.175 6.44498e-07
734.299 6.41648e-07
734.423 6.33128e-07
734.547 6.04804e-07
734.671 6.00796e-07
734.795 6.18539e-07
734.919 6.27645e-07
735.043 5.91374e-07
735.167 5.80384e-07
735.291 5.97135e-07
735.415 6.17955e-07
735.539 6.21514e-07
735.663 6.06268e-07
735.787 6.00289e-07
735.911 6.03536e-07
736.035 6.18301e-07
736.159 6.10612e-07
736.283 5.9441e-07
736.407 5.88069e-07
736.531 5.95455e-07
736.655 5.95893e-07
736.779 6.14355e-07
736.903 6.1588e-07
737.027 6.03449e-07
737.151 5.99075e-07
737.275 6.12806e-07
737.398 6.29211e-07
737.522 6.31838e-07
737.646 6.33832e-07
737.77 6.36684e-07
737.894 6.30612e-07
738.018 6.3581e-07
738.141 6.41889e-07
738.265 6.38092e-07
738.389 6.11855e-07
738.513 6.00508e-07
738.636 6.06978e-07
738.76 6.17028e-07
738.884 6.12114e-07
739.008 6.0001e-07
739.131 5.96612e-07
739.255 5.95832e-07
739.379 6.14771e-07
739.503 6.23257e-07
739.626 6.29907e-07
739.75 6.21541e-07
739.874 6.2219e-07
739.997 6.32545e-07
740.121 6.36654e-07
740.245 6.30103e-07
740.368 6.35358e-07
740.492 6.47745e-07
740.615 6.48094e-07
740.739 6.3638e-07
740.863 6.34973e-07
740.986 6.27329e-07
741.11 6.14001e-07
741.233 5.97733e-07
741.357 6.24745e-07
741.48 6.39634e-07
741.604 6.32005e-07
741.727 6.14173e-07
741.851 6.22996e-07
741.974 6.3887e-07
742.098 6.47547e-07
742.221 6.42803e-07
742.345 6.26796e-07
742.468 6.10115e-07
742.592 6.16273e-07
742.715 6.35788e-07
742.839 6.52372e-07
742.962 6.60023e-07
743.085 6.59671e-07
743.209 6.55013e-07
743.332 6.50499e-07
743.456 6.53738e-07
743.579 6.59632e-07
743.702 6.58394e-07
743.826 6.57691e-07
743.949 6.58718e-07
744.072 6.56175e-07
744.196 6.46363e-07
744.319 6.40334e-07
744.442 6.41422e-07
744.566 6.4832e-07
744.689 6.32029e-07
744.812 6.28724e-07
744.935 6.36213e-07
745.059 6.49318e-07
745.182 6.57639e-07
745.305 6.57616e-07
745.428 6.59477e-07
745.552 6.60448e-07
745.675 6.59139e-07
745.798 6.61379e-07
745.921 6.60511e-07
746.044 6.62426e-07
746.167 6.58691e-07
746.291 6.43042e-07
746.414 6.34029e-07
746.537 6.37555e-07
746.66 6.56792e-07
746.783 6.62976e-07
746.906 6.62279e-07
747.029 6.61325e-07
747.152 6.62919e-07
747.276 6.63396e-07
747.399 6.58723e-07
747.522 6.55844e-07
747.645 6.55563e-07
747.768 6.56435e-07
747.891 6.54694e-07
748.014 6.57547e-07
748.137 6.60491e-07
748.26 6.57088e-07
748.383 6.55138e-07
748.506 6.53582e-07
748.629 6.61577e-07
748.752 6.61165e-07
748.875 6.63255e-07
748.997 6.63508e-07
749.12 6.62701e-07
749.243 6.51197e-07
749.366 6.4983e-07
749.489 6.43631e-07
749.612 6.26574e-07
749.735 6.26938e-07
749.858 6.39623e-07
749.981 6.59225e-07
750.103 6.60077e-07
750.226 6.6074e-07
750.349 6.63325e-07
750.472 6.62593e-07
750.595 6.58459e-07
750.717 6.53424e-07
750.84 6.46643e-07
750.963 6.49765e-07
751.086 6.51976e-07
751.209 6.27352e-07
751.331 6.24334e-07
751.454 6.35934e-07
751.577 6.59632e-07
751.699 6.58748e-07
751.822 6.61158e-07
751.945 6.63888e-07
752.068 6.63188e-07
752.19 6.63951e-07
752.313 6.559e-07
752.435 6.44705e-07
752.558 6.38461e-07
752.681 6.43457e-07
752.803 6.4983e-07
752.926 6.60113e-07
753.049 6.6317e-07
753.171 6.50184e-07
753.294 6.42014e-07
753.416 6.39911e-07
753.539 6.57107e-07
753.661 6.61877e-07
753.784 6.64719e-07
753.906 6.64666e-07
754.029 6.64358e-07
754.151 6.62341e-07
754.274 6.60599e-07
754.396 6.59988e-07
754.519 6.62239e-07
754.641 6.59534e-07
754.764 6.52743e-07
754.886 6.46876e-07
755.009 6.54332e-07
755.131 6.59766e-07
755.254 6.63371e-07
755.376 6.61981e-07
755.498 6.59813e-07
755.621 6.46995e-07
755.743 6.4125e-07
755.866 6.42038e-07
755.988 6.55024e-07
756.11 6.51719e-07
756.233 6.53599e-07
756.355 6.55967e-07
756.477 6.59086e-07
756.599 6.58512e-07
756.722 6.60705e-07
756.844 6.57354e-07
756.966 6.46675e-07
757.089 6.41772e-07
757.211 6.47636e-07
757.333 6.60608e-07
757.455 6.51162e-07
757.578 6.45367e-07
757.7 6.47142e-07
757.822 6.58469e-07
757.944 6.608e-07
758.066 6.5867e-07
758.188 6.59901e-07
758.311 6.56612e-07
758.433 6.45308e-07
758.555 6.3897e-07
758.677 6.19997e-07
758.799 6.24807e-07
758.921 6.26417e-07
759.043 6.43711e-07
759.165 6.45971e-07
759.287 6.46223e-07
759.409 5.93623e-07
759.532 4.18504e-07
759.654 2.12025e-07
759.776 8.30694e-08
759.898 5.92666e-08
760.02 5.54593e-08
760.142 4.22031e-08
760.264 2.79473e-08
760.386 1.9338e-08
760.508 1.35978e-08
760.629 1.21326e-08
760.751 1.05473e-08
760.873 1.27427e-08
760.995 1.5868e-08
761.117 2.00342e-08
761.239 3.34312e-08
761.361 3.96662e-08
761.483 7.97991e-08
761.605 9.84795e-08
761.727 1.50415e-07
761.848 2.6912e-07
761.97 4.24935e-07
762.092 4.65505e-07
762.214 3.45406e-07
762.336 2.52907e-07
762.458 1.66084e-07
762.579 1.34363e-07
762.701 1.36788e-07
762.823 1.32265e-07
762.945 1.07015e-07
763.066 1.2589e-07
763.188 1.37148e-07
763.31 1.09413e-07
763.431 1.21129e-07
763.553 1.63235e-07
763.675 1.4479e-07
763.797 1.14141e-07
763.918 1.86949e-07
764.04 2.08377e-07
764.161 1.496e-07
764.283 1.62678e-07
764.405 2.60721e-07
764.526 2.53956e-07
764.648 1.71956e-07
764.769 2.19909e-07
764.891 3.37327e-07
765.013 3.08763e-07
765.134 2.12627e-07
765.256 2.65269e-07
765.377 4.06091e-07
765.499 3.88169e-07
765.62 2.76729e-07
765.742 2.97038e-07
765.863 4.27408e-07
765.985 4.65017e-07
766.106 3.49037e-07
766.228 3.19714e-07
766.349 4.30398e-07
766.471 5.39793e-07
766.592 4.70238e-07
766.713 3.84539e-07
766.835 4.30787e-07
766.956 5.53948e-07
767.078 5.90313e-07
767.199 5.03167e-07
767.32 4.61274e-07
767.442 5.16517e-07
767.563 6.12865e-07
767.684 6.21702e-07
767.806 5.54422e-07
767.927 5.2331e-07
768.048 5.57874e-07
768.169 6.16448e-07
768.291 6.2372e-07
768.412 5.84435e-07
768.533 5.65683e-07
768.654 5.89128e-07
768.776 6.37558e-07
768.897 6.46747e-07
769.018 6.11887e-07
769.139 5.83081e-07
769.26 5.71681e-07
769.382 6.06764e-07
769.503 6.34512e-07
769.624 6.41094e-07
769.745 6.19555e-07
769.866 6.11008e-07
769.987 6.04984e-07
770.108 6.21441e-07
770.229 6.32389e-07
770.351 6.47533e-07
770.472 6.39757e-07
770.593 6.41567e-07
770.714 6.5247e-07
770.835 6.62292e-07
770.956 6.64539e-07
771.077 6.50803e-07
771.198 6.34599e-07
771.319 6.28492e-07
771.44 6.36009e-07
771.561 6.30309e-07
771.682 6.26432e-07
771.803 6.33084e-07
771.924 6.47995e-07
772.044 6.509e-07
772.165 6.52636e-07
772.286 6.51069e-07
772.407 6.46082e-07
772.528 6.45473e-07
772.649 6.46586e-07
772.77 6.50294e-07
772.891 6.41502e-07
773.011 6.43146e-07
773.132 6.51069e-07
773.253 6.57405e-07
773.374 6.57225e-07
773.495 6.53765e-07
773.615 6.54729e-07
773.736 6.59602e-07
773.857 6.60255e-07
773.978 6.63124e-07
774.098 6.61134e-07
774.219 6.60259e-07
774.34 6.4667e-07
774.461 6.39636e-07
774.581 6.37641e-07
774.702 6.50624e-07
774.823 6.50335e-07
774.943 6.28297e-07
775.064 6.21488e-07
775.184 6.23865e-07
775.305 6.47084e-07
775.426 6.54367e-07
775.546 6.59999e-07
775.667 6.61316e-07
775.787 6.59544e-07
775.908 6.59339e-07
776.029 6.58802e-07
776.149 6.55169e-07
776.27 6.53828e-07
776.39 6.5715e-07
776.511 6.6121e-07
776.631 6.60542e-07
776.752 6.62374e-07
776.872 6.61083e-07
776.992 6.6247e-07
777.113 6.6187e-07
777.233 6.55821e-07
777.354 6.4616e-07
777.474 6.40021e-07
777.595 6.38141e-07
777.715 6.39954e-07
777.835 6.48897e-07
777.956 6.57637e-07
778.076 6.51094e-07
778.196 6.3405e-07
778.317 6.33881e-07
778.437 6.47297e-07
778.557 6.60638e-07
778.678 6.61192e-07
778.798 6.61402e-07
778.918 6.54999e-07
779.038 6.43609e-07
779.159 6.41252e-07
779.279 6.52416e-07
779.399 6.59907e-07
779.519 6.60355e-07
779.64 6.59632e-07
779.76 6.5842e-07
779.88 6.46801e-07
780 6.39891e-07
780.12 6.35131e-07
780.24 6.43589e-07
780.361 6.49046e-07
780.481 6.55488e-07
780.601 6.57162e-07
780.721 6.60337e-07
780.841 6.54123e-07
780.961 6.47782e-07
781.081 6.45537e-07
781.201 6.43616e-07
781.321 6.42865e-07
781.441 6.48913e-07
781.561 6.56717e-07
781.681 6.59365e-07
781.801 6.59924e-07
781.921 6.58811e-07
782.041 6.60277e-07
782.161 6.59213e-07
782.281 6.5797e-07
782.401 6.58816e-07
782.521 6.59063e-07
782.641 6.59865e-07
782.761 6.56283e-07
782.881 6.55803e-07
783.001 6.54704e-07
783.12 6.57202e-07
783.24 6.45828e-07
783.36 6.23799e-07
783.48 6.21897e-07
783.6 6.27734e-07
783.72 6.30436e-07
