661.044 5.09571e-07
661.174 5.18244e-07
661.303 5.30014e-07
661.433 5.37424e-07
661.563 5.44465e-07
661.693 5.51456e-07
661.823 5.56201e-07
661.953 5.6219e-07
662.083 5.6724e-07
662.213 5.74979e-07
662.343 5.80225e-07
662.473 5.8063e-07
662.602 5.79652e-07
662.732 5.78231e-07
662.862 5.78243e-07
662.992 5.78935e-07
663.122 5.81824e-07
663.251 5.82e-07
663.381 5.7034e-07
663.511 5.57236e-07
663.641 5.57813e-07
663.77 5.73635e-07
663.9 5.83235e-07
664.03 5.83603e-07
664.159 5.82702e-07
664.289 5.81138e-07
664.419 5.73647e-07
664.548 5.72312e-07
664.678 5.77516e-07
664.808 5.87713e-07
664.937 5.89703e-07
665.067 5.90104e-07
665.196 5.92758e-07
665.326 5.93903e-07
665.456 5.91243e-07
665.585 5.90986e-07
665.715 5.91151e-07
665.844 5.91356e-07
665.974 5.92454e-07
666.103 5.92333e-07
666.233 5.8856e-07
666.362 5.78859e-07
666.492 5.72646e-07
666.621 5.7636e-07
666.751 5.88083e-07
666.88 5.89638e-07
667.009 5.91822e-07
667.139 5.93078e-07
667.268 5.93191e-07
667.398 5.94113e-07
667.527 5.97659e-07
667.656 5.98092e-07
667.786 5.88635e-07
667.915 5.73042e-07
668.044 5.74011e-07
668.174 5.86725e-07
668.303 5.98e-07
668.432 6.00219e-07
668.562 6.00653e-07
668.691 6.01379e-07
668.82 5.99736e-07
668.95 5.99899e-07
669.079 6.00129e-07
669.208 5.99085e-07
669.337 5.99369e-07
669.466 6.01044e-07
669.596 5.97643e-07
669.725 5.90688e-07
669.854 5.88156e-07
669.983 5.91144e-07
670.112 5.97439e-07
670.241 5.99342e-07
670.371 6.00242e-07
670.5 5.93585e-07
670.629 5.90028e-07
670.758 5.93958e-07
670.887 5.98117e-07
671.016 6.00335e-07
671.145 5.99001e-07
671.274 5.96664e-07
671.403 5.93643e-07
671.532 5.92288e-07
671.661 5.90052e-07
671.79 5.82611e-07
671.919 5.7697e-07
672.048 5.83066e-07
672.177 5.93067e-07
672.306 5.95265e-07
672.435 5.97492e-07
672.564 6.01643e-07
672.693 5.98549e-07
672.822 5.95933e-07
672.951 5.9724e-07
673.08 6.0473e-07
673.209 6.04872e-07
673.338 6.01946e-07
673.466 6.01639e-07
673.595 6.01487e-07
673.724 6.05481e-07
673.853 6.02186e-07
673.982 6.00767e-07
674.111 6.01364e-07
674.24 6.03364e-07
674.368 6.01845e-07
674.497 6.01297e-07
674.626 6.01848e-07
674.755 6.02106e-07
674.883 6.02437e-07
675.012 5.96022e-07
675.141 5.91277e-07
675.27 5.93869e-07
675.398 5.97564e-07
675.527 6.02734e-07
675.656 6.04942e-07
675.784 6.04343e-07
675.913 6.05636e-07
676.042 6.0634e-07
676.17 6.09405e-07
676.299 6.08415e-07
676.428 6.08842e-07
676.556 6.09042e-07
676.685 6.06403e-07
676.814 6.0077e-07
676.942 5.96047e-07
677.071 5.97942e-07
677.199 6.02952e-07
677.328 6.00846e-07
677.456 6.03494e-07
677.585 6.08461e-07
677.713 6.12257e-07
677.842 6.12963e-07
677.97 6.12841e-07
678.099 6.13225e-07
678.227 6.1211e-07
678.356 6.07166e-07
678.484 6.01876e-07
678.613 6.0278e-07
678.741 6.01935e-07
678.87 6.06195e-07
678.998 6.10764e-07
679.127 6.14457e-07
679.255 6.14375e-07
679.383 6.1221e-07
679.512 6.08059e-07
679.64 6.05684e-07
679.769 6.07071e-07
679.897 6.07736e-07
680.025 6.09476e-07
680.154 6.09707e-07
680.282 6.11905e-07
680.41 6.11059e-07
680.539 6.0859e-07
680.667 6.08495e-07
680.795 6.07492e-07
680.924 6.09761e-07
681.052 6.08228e-07
681.18 6.06035e-07
681.308 6.09082e-07
681.437 6.10901e-07
681.565 6.10672e-07
681.693 6.12436e-07
681.821 6.15387e-07
681.949 6.16546e-07
682.078 6.10512e-07
682.206 6.08649e-07
682.334 6.09913e-07
682.462 6.14471e-07
682.59 6.17153e-07
682.718 6.16703e-07
682.847 6.11386e-07
682.975 6.04936e-07
683.103 6.06473e-07
683.231 6.13639e-07
683.359 6.17342e-07
683.487 6.16454e-07
683.615 6.16232e-07
683.743 6.13937e-07
683.871 6.10168e-07
683.999 5.99709e-07
684.127 5.95766e-07
684.255 5.85415e-07
684.383 5.80924e-07
684.511 5.8726e-07
684.639 6.02707e-07
684.767 6.14519e-07
684.895 6.16269e-07
685.023 6.14574e-07
685.151 6.16137e-07
685.279 6.18674e-07
685.407 6.18692e-07
685.535 6.09351e-07
685.663 5.99293e-07
685.791 5.96355e-07
685.919 6.00386e-07
686.047 6.05363e-07
686.175 6.07907e-07
686.303 6.06159e-07
686.43 6.06938e-07
686.558 6.11833e-07
686.686 6.03916e-07
686.814 4.97337e-07
686.942 3.44364e-07
687.07 2.56355e-07
687.198 2.699e-07
687.325 2.98882e-07
687.453 3.159e-07
687.581 3.39234e-07
687.709 3.69709e-07
687.836 4.00269e-07
687.964 4.32819e-07
688.092 4.74696e-07
688.22 5.2602e-07
688.347 5.64797e-07
688.475 5.48413e-07
688.603 5.17897e-07
688.731 4.7588e-07
688.858 4.73604e-07
688.986 4.56222e-07
689.114 4.63894e-07
689.241 4.68308e-07
689.369 4.6451e-07
689.497 4.68748e-07
689.624 4.80688e-07
689.752 4.71895e-07
689.879 4.73536e-07
690.007 5.06551e-07
690.135 4.96427e-07
690.262 4.90295e-07
690.39 5.23458e-07
690.517 5.17532e-07
690.645 4.94816e-07
690.772 5.23178e-07
690.9 5.49851e-07
691.028 5.2184e-07
691.155 5.2703e-07
691.283 5.70036e-07
691.41 5.53754e-07
691.538 5.22953e-07
691.665 5.36399e-07
691.792 5.70922e-07
691.92 5.53375e-07
692.047 5.46179e-07
692.175 5.71373e-07
692.302 5.96308e-07
692.43 5.68302e-07
692.557 5.4711e-07
692.685 5.57123e-07
692.812 5.88468e-07
692.939 5.75572e-07
693.067 5.50733e-07
693.194 5.45953e-07
693.321 5.71527e-07
693.449 5.66558e-07
693.576 5.6477e-07
693.704 5.74476e-07
693.831 5.82897e-07
693.958 5.77403e-07
694.086 5.46023e-07
694.213 5.35721e-07
694.34 5.37076e-07
694.467 5.55405e-07
694.595 5.70802e-07
694.722 5.82136e-07
694.849 5.69377e-07
694.976 5.57925e-07
695.104 5.67632e-07
695.231 5.7983e-07
695.358 5.86934e-07
695.485 5.86287e-07
695.612 5.83878e-07
695.74 5.67273e-07
695.867 5.72859e-07
695.994 5.78178e-07
696.121 5.82106e-07
696.248 5.70447e-07
696.375 5.89859e-07
696.503 6.03487e-07
696.63 6.06991e-07
696.757 6.08355e-07
696.884 6.20856e-07
697.011 6.26328e-07
697.138 6.18518e-07
697.265 6.11105e-07
697.392 6.12987e-07
697.519 6.207e-07
697.646 6.16303e-07
697.773 5.99379e-07
697.901 5.79738e-07
698.028 5.75224e-07
698.155 5.86655e-07
698.282 6.04473e-07
698.409 6.13445e-07
698.536 6.18845e-07
698.663 6.08796e-07
698.789 5.91393e-07
698.916 5.7618e-07
699.043 5.72247e-07
699.17 5.76558e-07
699.297 5.9518e-07
699.424 5.86538e-07
699.551 5.80367e-07
699.678 5.93246e-07
699.805 6.15669e-07
699.932 5.96426e-07
700.059 5.73948e-07
700.186 5.77598e-07
700.312 6.02478e-07
700.439 6.00026e-07
700.566 5.65538e-07
700.693 5.45562e-07
700.82 5.62327e-07
700.947 5.93222e-07
701.073 6.02732e-07
701.2 5.91524e-07
701.327 5.86439e-07
701.454 5.96618e-07
701.581 6.01696e-07
701.707 5.62366e-07
701.834 5.4507e-07
701.961 5.64843e-07
702.088 6.02162e-07
702.214 6.09971e-07
702.341 5.9673e-07
702.468 5.73648e-07
702.594 5.69496e-07
702.721 5.78085e-07
702.848 5.68382e-07
702.974 5.68935e-07
703.101 5.93897e-07
703.228 6.18062e-07
703.354 6.23506e-07
703.481 6.22603e-07
703.608 6.15561e-07
703.734 6.10163e-07
703.861 5.93392e-07
703.987 5.77389e-07
704.114 5.74983e-07
704.241 5.94339e-07
704.367 6.19041e-07
704.494 6.23394e-07
704.62 6.24366e-07
704.747 6.18932e-07
704.873 6.22525e-07
705 6.22937e-07
705.126 6.1668e-07
705.253 6.06415e-07
705.379 5.88357e-07
705.506 5.98411e-07
705.632 6.08776e-07
705.759 6.11712e-07
705.885 6.09173e-07
706.012 6.10457e-07
706.138 6.08544e-07
706.264 6.09382e-07
706.391 6.09886e-07
706.517 6.16742e-07
706.644 6.10594e-07
706.77 6.11564e-07
706.896 6.05209e-07
707.023 6.09017e-07
707.149 6.16366e-07
707.276 6.22514e-07
707.402 6.21566e-07
707.528 6.22526e-07
707.655 6.27585e-07
707.781 6.25646e-07
707.907 6.18072e-07
708.033 6.14027e-07
708.16 6.16845e-07
708.286 6.27123e-07
708.412 6.2657e-07
708.539 6.12922e-07
708.665 6.08279e-07
708.791 6.10273e-07
708.917 6.1311e-07
709.044 6.11935e-07
709.17 6.10498e-07
709.296 6.14444e-07
709.422 6.19117e-07
709.548 6.21727e-07
709.674 6.19688e-07
709.801 6.19671e-07
709.927 6.22575e-07
710.053 6.2321e-07
710.179 6.24602e-07
710.305 6.24648e-07
710.431 6.2776e-07
710.557 6.29943e-07
710.684 6.28381e-07
710.81 6.2426e-07
710.936 6.22959e-07
711.062 6.2606e-07
711.188 6.20796e-07
711.314 6.15717e-07
711.44 6.17163e-07
711.566 6.24466e-07
711.692 6.263e-07
711.818 6.25888e-07
711.944 6.2306e-07
712.07 6.20247e-07
712.196 6.22172e-07
712.322 6.11295e-07
712.448 6.12629e-07
712.574 6.2167e-07
712.7 6.34751e-07
712.826 6.28135e-07
712.952 6.22018e-07
713.078 6.14118e-07
713.204 6.05906e-07
713.329 6.06881e-07
713.455 6.12571e-07
713.581 6.26287e-07
713.707 6.31874e-07
713.833 6.30936e-07
713.959 6.28902e-07
714.085 6.27287e-07
714.211 6.29949e-07
714.336 6.22078e-07
714.462 6.21583e-07
714.588 6.18222e-07
714.714 6.22795e-07
714.84 5.99961e-07
714.965 5.90288e-07
715.091 5.85388e-07
715.217 5.995e-07
715.343 6.10912e-07
715.468 6.20616e-07
715.594 6.23754e-07
715.72 6.18077e-07
715.846 6.17249e-07
715.971 6.13448e-07
716.097 6.16339e-07
716.223 6.15331e-07
716.348 6.16363e-07
716.474 5.90356e-07
716.6 5.61724e-07
716.725 5.41269e-07
716.851 5.20879e-07
716.977 5.27897e-07
717.102 5.15065e-07
717.228 5.31323e-07
717.353 4.91051e-07
717.479 4.7418e-07
717.605 4.81247e-07
717.73 4.93695e-07
717.856 4.59756e-07
717.981 4.66261e-07
718.107 5.28187e-07
718.232 5.13446e-07
718.358 5.07827e-07
718.483 4.81074e-07
718.609 4.80365e-07
718.734 3.86484e-07
718.86 3.86907e-07
718.985 4.44333e-07
719.111 5.4355e-07
719.236 5.03023e-07
719.362 4.45105e-07
719.487 4.06955e-07
719.613 4.53326e-07
719.738 4.95411e-07
719.863 4.89778e-07
719.989 4.95946e-07
720.114 4.59312e-07
720.24 4.34462e-07
720.365 4.3855e-07
720.49 4.68387e-07
720.616 4.92274e-07
720.741 4.47539e-07
720.866 4.86232e-07
720.992 5.05309e-07
721.117 5.54335e-07
721.242 5.63269e-07
721.367 5.93737e-07
721.493 6.08356e-07
721.618 6.10935e-07
721.743 5.80168e-07
721.869 5.68285e-07
721.994 5.74805e-07
722.119 5.95897e-07
722.244 6.10291e-07
722.369 5.95259e-07
722.495 5.65124e-07
722.62 5.67057e-07
722.745 5.8624e-07
722.87 5.6957e-07
722.995 5.67672e-07
723.121 5.89524e-07
723.246 5.92843e-07
723.371 5.21149e-07
723.496 4.57695e-07
723.621 4.23567e-07
723.746 4.53819e-07
723.871 5.32511e-07
723.996 5.78899e-07
724.121 5.15177e-07
724.247 4.88e-07
