267.397 7.49285e-11
267.462 7.67019e-11
267.527 7.92361e-11
267.592 8.1952e-11
267.657 8.11744e-11
267.722 8.17162e-11
267.787 9.08928e-11
267.852 7.3111e-11
267.917 8.09772e-11
267.982 7.87686e-11
268.047 7.17513e-11
268.113 7.83094e-11
268.178 8.51252e-11
268.243 8.48338e-11
268.308 7.68083e-11
268.373 8.0737e-11
268.438 7.63946e-11
268.503 8.91333e-11
268.568 7.63885e-11
268.633 7.63444e-11
268.698 8.3063e-11
268.764 8.71526e-11
268.829 7.831e-11
268.894 7.18837e-11
268.959 7.56805e-11
269.024 7.68937e-11
269.089 7.45216e-11
269.154 6.8488e-11
269.219 6.64714e-11
269.284 8.45277e-11
269.349 7.69532e-11
269.415 7.29528e-11
269.48 7.40473e-11
269.545 7.25679e-11
269.61 7.71325e-11
269.675 8.31398e-11
269.74 6.46509e-11
269.805 5.77014e-11
269.87 8.72618e-11
269.935 7.98206e-11
270.001 9.34496e-11
270.066 8.37451e-11
270.131 8.31331e-11
270.196 9.27744e-11
270.261 1.01203e-10
270.326 9.30865e-11
270.391 9.50314e-11
270.456 9.7106e-11
270.521 1.06405e-10
270.587 9.93425e-11
270.652 9.93445e-11
270.717 9.00633e-11
270.782 8.96963e-11
270.847 9.45673e-11
270.912 8.36086e-11
270.977 8.72667e-11
271.042 8.52295e-11
271.107 8.63329e-11
271.173 9.37011e-11
271.238 9.3256e-11
271.303 8.89759e-11
271.368 9.2545e-11
271.433 7.91887e-11
271.498 8.57109e-11
271.563 8.16525e-11
271.628 6.98391e-11
271.694 7.30065e-11
271.759 6.96738e-11
271.824 6.64111e-11
271.889 6.73403e-11
271.954 5.91194e-11
272.019 5.2529e-11
272.084 5.20484e-11
272.149 5.75156e-11
272.215 5.78253e-11
272.28 5.01693e-11
272.345 7.0205e-11
272.41 6.22608e-11
272.475 5.83643e-11
272.54 6.78556e-11
272.605 6.91948e-11
272.67 6.88223e-11
272.736 6.43095e-11
272.801 7.43095e-11
272.866 8.09857e-11
272.931 9.32002e-11
272.996 8.19588e-11
273.061 1.01575e-10
273.126 8.0057e-11
273.191 9.6977e-11
273.257 9.17697e-11
273.322 7.38557e-11
273.387 7.09731e-11
273.452 6.40193e-11
273.517 6.67129e-11
273.582 5.45197e-11
273.647 5.8644e-11
273.712 6.49531e-11
273.778 5.85784e-11
273.843 5.43271e-11
273.908 6.29567e-11
273.973 4.68744e-11
274.038 4.057e-11
274.103 4.58625e-11
274.168 5.52378e-11
274.234 4.42631e-11
274.299 3.91942e-11
274.364 5.81972e-11
274.429 5.21816e-11
274.494 4.01712e-11
274.559 4.31885e-11
274.624 4.47153e-11
274.689 5.01488e-11
274.755 5.16776e-11
274.82 4.28996e-11
274.885 3.89289e-11
274.95 4.02095e-11
275.015 5.86947e-11
275.08 5.16162e-11
275.145 7.65424e-11
275.21 5.68666e-11
275.276 6.84744e-11
275.341 8.15565e-11
275.406 6.89505e-11
275.471 6.03087e-11
275.536 4.96469e-11
275.601 4.91429e-11
275.666 6.51898e-11
275.732 6.51299e-11
275.797 7.34509e-11
275.862 7.86595e-11
275.927 8.61707e-11
275.992 9.1121e-11
276.057 9.21902e-11
276.122 1.04232e-10
276.187 8.19778e-11
276.253 7.98143e-11
276.318 8.3542e-11
276.383 8.80279e-11
276.448 8.6828e-11
276.513 1.01529e-10
276.578 9.6798e-11
276.643 9.61304e-11
276.708 1.03785e-10
276.774 9.01317e-11
276.839 1.04663e-10
276.904 9.4858e-11
276.969 8.454e-11
277.034 9.27835e-11
277.099 8.31137e-11
277.164 9.31569e-11
277.23 9.93252e-11
277.295 1.01028e-10
277.36 1.08794e-10
277.425 1.13682e-10
277.49 9.91613e-11
277.555 9.75073e-11
277.62 9.29924e-11
277.685 9.70923e-11
277.751 8.66574e-11
277.816 7.14087e-11
277.881 7.11113e-11
277.946 7.42391e-11
278.011 7.16036e-11
278.076 7.45726e-11
278.141 6.40114e-11
278.206 6.61812e-11
278.272 7.28045e-11
278.337 6.6307e-11
278.402 7.17012e-11
278.467 6.12081e-11
278.532 6.96844e-11
278.597 5.98368e-11
278.662 7.54342e-11
278.727 6.40408e-11
278.793 6.52711e-11
278.858 6.20755e-11
278.923 5.81331e-11
278.988 5.0609e-11
279.053 5.14602e-11
279.118 6.27212e-11
279.183 4.32848e-11
279.248 4.52709e-11
279.314 3.3222e-11
279.379 2.63838e-11
279.444 2.89438e-11
279.509 3.45482e-11
279.574 3.061e-11
279.639 3.21629e-11
279.704 2.10376e-11
279.769 3.67889e-11
279.835 3.20727e-11
279.9 3.83268e-11
279.965 3.80629e-11
280.03 3.18401e-11
280.095 3.74319e-11
280.16 3.50121e-11
280.225 3.62126e-11
280.29 4.33487e-11
280.355 3.88864e-11
280.421 4.30968e-11
280.486 3.33969e-11
280.551 4.6075e-11
280.616 4.87388e-11
280.681 5.01487e-11
280.746 5.35088e-11
280.811 6.45003e-11
280.876 5.85437e-11
280.942 6.53987e-11
281.007 6.67756e-11
281.072 7.11706e-11
281.137 7.28007e-11
281.202 7.42759e-11
281.267 6.78787e-11
281.332 9.15033e-11
281.397 9.38356e-11
281.462 9.49602e-11
281.528 9.39386e-11
281.593 1.09041e-10
281.658 1.02926e-10
281.723 1.08468e-10
281.788 1.11988e-10
281.853 1.07097e-10
281.918 1.1537e-10
281.983 1.21495e-10
282.048 1.28321e-10
282.114 1.33249e-10
282.179 1.36544e-10
282.244 1.32735e-10
282.309 1.41504e-10
282.374 1.33796e-10
282.439 1.38504e-10
282.504 1.42379e-10
282.569 1.28104e-10
282.634 1.41927e-10
282.7 1.3649e-10
282.765 1.36794e-10
282.83 1.37005e-10
282.895 1.56083e-10
282.96 1.54257e-10
283.025 1.56955e-10
283.09 1.51682e-10
283.155 1.66027e-10
283.22 1.64995e-10
283.285 1.61087e-10
283.351 1.52797e-10
283.416 1.34739e-10
283.481 1.38409e-10
283.546 1.39602e-10
283.611 1.47926e-10
283.676 1.46894e-10
283.741 1.35645e-10
283.806 1.37705e-10
283.871 1.56589e-10
283.936 1.55967e-10
284.002 1.59281e-10
284.067 1.59135e-10
284.132 1.48329e-10
284.197 1.36967e-10
284.262 1.225e-10
284.327 1.41774e-10
284.392 1.41848e-10
284.457 1.3554e-10
284.522 1.22872e-10
284.587 1.0994e-10
284.653 1.1048e-10
284.718 1.11004e-10
284.783 1.04814e-10
284.848 9.76913e-11
284.913 7.46779e-11
284.978 6.69728e-11
285.043 6.15799e-11
285.108 5.39596e-11
285.173 5.95875e-11
285.238 4.37525e-11
285.303 4.10565e-11
285.369 3.76382e-11
285.434 4.75218e-11
285.499 6.16432e-11
285.564 6.78841e-11
285.629 7.66139e-11
285.694 8.54192e-11
285.759 1.12854e-10
285.824 1.15621e-10
285.889 1.4005e-10
285.954 1.39748e-10
286.019 1.63942e-10
286.084 1.5004e-10
286.15 1.73088e-10
286.215 1.74267e-10
286.28 1.78084e-10
286.345 1.91813e-10
286.41 1.80883e-10
286.475 1.92631e-10
286.54 1.8336e-10
286.605 1.92151e-10
286.67 1.82981e-10
286.735 1.8537e-10
286.8 1.73113e-10
286.865 1.75149e-10
286.931 1.86983e-10
286.996 1.94747e-10
287.061 1.98572e-10
287.126 2.12627e-10
287.191 2.14478e-10
287.256 2.16849e-10
287.321 2.31885e-10
287.386 2.32044e-10
287.451 2.05586e-10
287.516 2.0778e-10
287.581 2.0811e-10
287.646 2.02872e-10
287.711 2.11143e-10
287.777 1.97973e-10
287.842 1.73671e-10
287.907 1.76212e-10
287.972 1.5766e-10
288.037 1.35991e-10
288.102 1.28135e-10
288.167 1.16598e-10
288.232 1.17145e-10
288.297 1.36921e-10
288.362 1.40572e-10
288.427 1.71097e-10
288.492 1.97818e-10
288.557 2.24717e-10
288.622 2.35327e-10
288.688 2.41391e-10
288.753 2.60846e-10
288.818 2.53061e-10
288.883 2.50169e-10
288.948 2.56457e-10
289.013 2.4492e-10
289.078 2.55747e-10
289.143 2.50024e-10
289.208 2.525e-10
289.273 2.66887e-10
289.338 2.72574e-10
289.403 2.79498e-10
289.468 2.93459e-10
289.533 3.01752e-10
289.598 3.14273e-10
289.663 3.22837e-10
289.729 3.37415e-10
289.794 3.53551e-10
289.859 3.6544e-10
289.924 3.86474e-10
289.989 3.96411e-10
290.054 3.86187e-10
290.119 4.11307e-10
290.184 4.21111e-10
290.249 4.29775e-10
290.314 4.42057e-10
290.379 4.39608e-10
290.444 4.27282e-10
290.509 4.32873e-10
290.574 4.45707e-10
290.639 4.24891e-10
290.704 4.1594e-10
290.769 4.26149e-10
290.835 4.05419e-10
290.9 4.09792e-10
290.965 4.02714e-10
291.03 3.98966e-10
291.095 4.01588e-10
291.16 4.3386e-10
291.225 4.40904e-10
291.29 4.49909e-10
291.355 4.34654e-10
291.42 4.39536e-10
291.485 4.39592e-10
291.55 4.48152e-10
291.615 4.26426e-10
291.68 3.9774e-10
291.745 4.08276e-10
291.81 4.25757e-10
291.875 4.15996e-10
291.94 4.22653e-10
292.005 4.29335e-10
292.07 4.28181e-10
292.135 4.55465e-10
292.201 4.47295e-10
292.266 4.19463e-10
292.331 4.13164e-10
292.396 4.23888e-10
292.461 4.01771e-10
292.526 3.59101e-10
292.591 3.64761e-10
292.656 3.6742e-10
292.721 3.64047e-10
292.786 3.45119e-10
292.851 3.53131e-10
292.916 4.02561e-10
292.981 4.12113e-10
293.046 4.4149e-10
293.111 4.54039e-10
293.176 4.88751e-10
293.241 5.23313e-10
293.306 5.28661e-10
293.371 5.34566e-10
293.436 5.70795e-10
293.501 5.19528e-10
293.566 4.66519e-10
293.631 4.48818e-10
293.697 4.45508e-10
293.762 4.31146e-10
293.827 4.05784e-10
293.892 3.95184e-10
293.957 4.00617e-10
294.022 4.26051e-10
294.087 4.4295e-10
294.152 4.76576e-10
294.217 4.92288e-10
294.282 4.83754e-10
294.347 4.72631e-10
294.412 4.93423e-10
294.477 5.18466e-10
294.542 5.64251e-10
294.607 5.1871e-10
294.672 4.56182e-10
294.737 4.57206e-10
294.802 4.36165e-10
294.867 4.40101e-10
294.932 4.16366e-10
294.997 4.08416e-10
295.062 4.5111e-10
295.127 5.25512e-10
295.192 5.64905e-10
295.257 5.61684e-10
295.322 5.66639e-10
295.387 5.92683e-10
295.452 5.86205e-10
295.517 5.79403e-10
295.582 5.36088e-10
295.647 5.20193e-10
295.713 5.99457e-10
295.778 6.3647e-10
295.843 6.16519e-10
295.908 6.06359e-10
295.973 6.06334e-10
296.038 6.48569e-10
296.103 6.76439e-10
296.168 6.94563e-10
296.233 6.93464e-10
296.298 6.93905e-10
296.363 6.8268e-10
296.428 6.37708e-10
296.493 6.05002e-10
296.558 5.33053e-10
296.623 4.7444e-10
296.688 4.47635e-10
296.753 4.43798e-10
296.818 4.33474e-10
296.883 4.03491e-10
296.948 4.39308e-10
297.013 5.06118e-10
297.078 5.39511e-10
297.143 5.18178e-10
297.208 4.6616e-10
297.273 4.96712e-10
297.338 5.77411e-10
297.403 6.43246e-10
297.468 6.28359e-10
297.533 6.59796e-10
297.598 7.60772e-10
297.663 8.63952e-10
297.728 8.89005e-10
297.793 8.7149e-10
297.858 8.67522e-10
297.923 8.73005e-10
297.988 8.39736e-10
298.053 7.33033e-10
298.118 6.73923e-10
298.183 6.10256e-10
298.248 5.67703e-10
298.313 5.16453e-10
298.378 4.75046e-10
298.443 4.45418e-10
298.508 4.80021e-10
298.573 4.71757e-10
298.639 4.71613e-10
298.704 5.26735e-10
298.769 5.75579e-10
298.834 6.51943e-10
298.899 7.48384e-10
298.964 8.18806e-10
299.029 8.55829e-10
299.094 9.04322e-10
299.159 9.03081e-10
299.224 9.22838e-10
299.289 8.48176e-10
299.354 7.68837e-10
299.419 7.27294e-10
299.484 7.32509e-10
299.549 7.71517e-10
299.614 8.13287e-10
299.679 8.5202e-10
