267.25 1.06754e-10
267.315 1.27793e-10
267.38 1.05741e-10
267.445 1.0344e-10
267.51 1.01203e-10
267.575 1.34709e-10
267.64 1.26219e-10
267.705 1.28376e-10
267.77 1.10708e-10
267.835 1.03646e-10
267.9 9.75022e-11
267.965 1.00579e-10
268.03 8.92324e-11
268.095 1.11693e-10
268.16 8.85464e-11
268.225 1.08967e-10
268.29 1.33677e-10
268.355 1.17045e-10
268.42 1.02217e-10
268.485 1.06856e-10
268.55 1.14668e-10
268.615 1.02233e-10
268.681 1.20686e-10
268.746 1.2905e-10
268.811 1.21721e-10
268.876 1.1163e-10
268.941 9.62942e-11
269.006 9.89486e-11
269.071 9.77756e-11
269.136 1.03813e-10
269.201 9.40636e-11
269.266 1.11286e-10
269.331 1.15747e-10
269.396 8.36266e-11
269.461 1.13603e-10
269.526 7.85733e-11
269.591 8.45019e-11
269.656 1.09756e-10
269.721 8.72363e-11
269.786 9.03988e-11
269.851 9.68251e-11
269.916 1.04721e-10
269.981 1.08141e-10
270.046 1.20248e-10
270.111 1.215e-10
270.176 1.37139e-10
270.241 1.34509e-10
270.306 1.52669e-10
270.371 1.35968e-10
270.436 1.45916e-10
270.502 1.25984e-10
270.567 1.21317e-10
270.632 1.44911e-10
270.697 1.35472e-10
270.762 1.32016e-10
270.827 1.39211e-10
270.892 9.71269e-11
270.957 1.19064e-10
271.022 1.26649e-10
271.087 1.31477e-10
271.152 1.34831e-10
271.217 1.29244e-10
271.282 1.25294e-10
271.347 1.1324e-10
271.412 1.22542e-10
271.477 1.03344e-10
271.542 1.45954e-10
271.607 1.07073e-10
271.672 1.04857e-10
271.737 9.76837e-11
271.802 8.74591e-11
271.868 8.34267e-11
271.933 6.77887e-11
271.998 9.74198e-11
272.063 8.22932e-11
272.128 9.43306e-11
272.193 7.80853e-11
272.258 9.72061e-11
272.323 8.01476e-11
272.388 1.01234e-10
272.453 1.02717e-10
272.518 1.10651e-10
272.583 1.03837e-10
272.648 8.8166e-11
272.713 9.99816e-11
272.778 1.03614e-10
272.843 1.3631e-10
272.908 1.26157e-10
272.973 1.27591e-10
273.039 1.23339e-10
273.104 1.43068e-10
273.169 1.38749e-10
273.234 1.20495e-10
273.299 8.46198e-11
273.364 9.75373e-11
273.429 1.07126e-10
273.494 9.81066e-11
273.559 9.04511e-11
273.624 6.54909e-11
273.689 9.11231e-11
273.754 8.38256e-11
273.819 6.44806e-11
273.884 7.6441e-11
273.949 6.70552e-11
274.014 7.85727e-11
274.079 8.30397e-11
274.145 6.66299e-11
274.21 5.88804e-11
274.275 5.41412e-11
274.34 7.00526e-11
274.405 7.50886e-11
274.47 7.21785e-11
274.535 6.04161e-11
274.6 6.89505e-11
274.665 7.16413e-11
274.73 7.31207e-11
274.795 8.0679e-11
274.86 6.33032e-11
274.925 7.89313e-11
274.99 6.89589e-11
275.055 7.16953e-11
275.12 7.81517e-11
275.185 9.54036e-11
275.251 1.03127e-10
275.316 1.20061e-10
275.381 9.3214e-11
275.446 9.93677e-11
275.511 9.17708e-11
275.576 7.73184e-11
275.641 6.28452e-11
275.706 9.34154e-11
275.771 1.13696e-10
275.836 1.07916e-10
275.901 1.24689e-10
275.966 1.3699e-10
276.031 1.3726e-10
276.096 1.33093e-10
276.161 1.19227e-10
276.226 1.23051e-10
276.292 1.39336e-10
276.357 1.53639e-10
276.422 1.36756e-10
276.487 1.6189e-10
276.552 1.42996e-10
276.617 1.57664e-10
276.682 1.64496e-10
276.747 1.34286e-10
276.812 1.30058e-10
276.877 1.40209e-10
276.942 1.24821e-10
277.007 1.34914e-10
277.072 1.44974e-10
277.137 1.40231e-10
277.202 1.22793e-10
277.267 1.52469e-10
277.333 1.34703e-10
277.398 1.5118e-10
277.463 1.36336e-10
277.528 1.16742e-10
277.593 1.32456e-10
277.658 1.22315e-10
277.723 1.46155e-10
277.788 1.26616e-10
277.853 9.4934e-11
277.918 1.08041e-10
277.983 7.81571e-11
278.048 1.03736e-10
278.113 7.95103e-11
278.178 1.06789e-10
278.243 8.61828e-11
278.308 9.2394e-11
278.373 1.00242e-10
278.439 9.8872e-11
278.504 1.03125e-10
278.569 9.65117e-11
278.634 8.52893e-11
278.699 9.64146e-11
278.764 8.65116e-11
278.829 8.33254e-11
278.894 8.75618e-11
278.959 7.60563e-11
279.024 7.96883e-11
279.089 7.86767e-11
279.154 6.24664e-11
279.219 5.83438e-11
279.284 3.69673e-11
279.349 4.31959e-11
279.414 5.2828e-11
279.479 2.52665e-11
279.544 4.05503e-11
279.61 3.45326e-11
279.675 2.83422e-11
279.74 2.88395e-11
279.805 4.54424e-11
279.87 3.36002e-11
279.935 3.96362e-11
280 1.7662e-11
280.065 3.08672e-11
280.13 3.49242e-11
280.195 3.71324e-11
280.26 5.79428e-11
280.325 4.52681e-11
280.39 4.42807e-11
280.455 2.30529e-11
280.52 4.76147e-11
280.585 4.65605e-11
280.65 6.60684e-11
280.715 5.59049e-11
280.78 6.6924e-11
280.846 1.0448e-10
280.911 7.53144e-11
280.976 1.0754e-10
281.041 7.79758e-11
281.106 1.04598e-10
281.171 1.01773e-10
281.236 1.02867e-10
281.301 1.16204e-10
281.366 1.12321e-10
281.431 1.35737e-10
281.496 1.26612e-10
281.561 1.28188e-10
281.626 1.48722e-10
281.691 1.52773e-10
281.756 1.73429e-10
281.821 1.65401e-10
281.886 1.65338e-10
281.951 1.91062e-10
282.016 1.63739e-10
282.081 1.67529e-10
282.146 1.76488e-10
282.212 1.82208e-10
282.277 1.94334e-10
282.342 1.85559e-10
282.407 1.82295e-10
282.472 2.04101e-10
282.537 1.89256e-10
282.602 2.00219e-10
282.667 2.03145e-10
282.732 2.01278e-10
282.797 1.96534e-10
282.862 2.23746e-10
282.927 1.95004e-10
282.992 2.37697e-10
283.057 2.23207e-10
283.122 2.33364e-10
283.187 2.19642e-10
283.252 2.42267e-10
283.317 2.52844e-10
283.382 2.14382e-10
283.447 1.90646e-10
283.512 1.99982e-10
283.577 1.97418e-10
283.642 2.29056e-10
283.707 2.13345e-10
283.772 2.41288e-10
283.837 2.13915e-10
283.903 2.12385e-10
283.968 2.31687e-10
284.033 2.41976e-10
284.098 2.38527e-10
284.163 2.05478e-10
284.228 1.89899e-10
284.293 1.97461e-10
284.358 1.937e-10
284.423 1.865e-10
284.488 1.94405e-10
284.553 1.60892e-10
284.618 1.89094e-10
284.683 1.4218e-10
284.748 1.4947e-10
284.813 1.40517e-10
284.878 1.30837e-10
284.943 9.61208e-11
285.008 1.01412e-10
285.073 7.22715e-11
285.138 4.79327e-11
285.203 6.66905e-11
285.268 4.93882e-11
285.333 5.72345e-11
285.398 6.48562e-11
285.463 8.92676e-11
285.528 9.1095e-11
285.593 1.03553e-10
285.658 1.04074e-10
285.723 1.26023e-10
285.788 1.53869e-10
285.853 1.62337e-10
285.918 1.97436e-10
285.983 1.71673e-10
286.048 2.26751e-10
286.114 2.43482e-10
286.179 2.47059e-10
286.244 2.59564e-10
286.309 2.61063e-10
286.374 2.69544e-10
286.439 2.82859e-10
286.504 2.63004e-10
286.569 2.73457e-10
286.634 2.89335e-10
286.699 2.78915e-10
286.764 2.52069e-10
286.829 2.68076e-10
286.894 2.47383e-10
286.959 2.70426e-10
287.024 2.91819e-10
287.089 3.2816e-10
287.154 3.02058e-10
287.219 3.40177e-10
287.284 3.16647e-10
287.349 3.4454e-10
287.414 3.38827e-10
287.479 3.08003e-10
287.544 2.93079e-10
287.609 2.92577e-10
287.674 2.92416e-10
287.739 3.18433e-10
287.804 2.83256e-10
287.869 2.6538e-10
287.934 2.46846e-10
287.999 2.19339e-10
288.064 1.7287e-10
288.129 1.62377e-10
288.194 1.57623e-10
288.259 1.94224e-10
288.324 1.90915e-10
288.389 2.07025e-10
288.454 2.74255e-10
288.519 3.05663e-10
288.584 3.24255e-10
288.649 3.61369e-10
288.714 3.60517e-10
288.779 3.82214e-10
288.844 3.65284e-10
288.909 3.83819e-10
288.974 3.79242e-10
289.039 3.77961e-10
289.104 4.04892e-10
289.169 3.72125e-10
289.234 4.07337e-10
289.299 4.02964e-10
289.364 3.99487e-10
289.429 4.27016e-10
289.494 4.48357e-10
289.559 4.50897e-10
289.624 5.05962e-10
289.689 4.92728e-10
289.754 5.14458e-10
289.819 5.4764e-10
289.884 5.52985e-10
289.949 5.80706e-10
290.014 6.05498e-10
290.079 6.01364e-10
290.144 6.22867e-10
290.209 6.29087e-10
290.274 6.32198e-10
290.339 6.52817e-10
290.404 6.57983e-10
290.469 6.69898e-10
290.534 6.65502e-10
290.599 6.92875e-10
290.664 6.44168e-10
290.729 6.68469e-10
290.794 6.07968e-10
290.859 6.27973e-10
290.924 5.90607e-10
290.989 6.00776e-10
291.054 6.04636e-10
291.119 6.61038e-10
291.184 6.69333e-10
291.249 6.85414e-10
291.314 7.06653e-10
291.379 6.69246e-10
291.444 6.70212e-10
291.509 6.6511e-10
291.574 6.96676e-10
291.639 6.1196e-10
291.704 6.11572e-10
291.769 6.15983e-10
291.834 6.21945e-10
291.899 6.48615e-10
291.964 6.32401e-10
292.029 6.45773e-10
292.094 6.56529e-10
292.159 6.74177e-10
292.224 6.6514e-10
292.289 6.35571e-10
292.354 6.38576e-10
292.419 5.8408e-10
292.484 5.97689e-10
292.549 5.59477e-10
292.614 5.58959e-10
292.679 5.79679e-10
292.744 5.46328e-10
292.809 5.30398e-10
292.874 5.58347e-10
292.939 6.16155e-10
293.004 6.56975e-10
293.069 7.02331e-10
293.134 7.19969e-10
293.199 7.52912e-10
293.264 7.96224e-10
293.329 7.98288e-10
293.394 8.12883e-10
293.459 8.4073e-10
293.524 7.60529e-10
293.589 6.56561e-10
293.654 6.78772e-10
293.719 6.48373e-10
293.784 6.36898e-10
293.849 5.80647e-10
293.914 5.71686e-10
293.979 6.06982e-10
294.044 6.17412e-10
294.109 6.45021e-10
294.174 6.89413e-10
294.239 7.42478e-10
294.304 7.30909e-10
294.369 6.98928e-10
294.434 7.3021e-10
294.498 8.21866e-10
294.563 8.00846e-10
294.628 7.43823e-10
294.693 6.72903e-10
294.758 6.472e-10
294.823 6.42504e-10
294.888 6.41362e-10
294.953 6.17899e-10
295.018 6.35748e-10
295.083 7.09045e-10
295.148 8.14112e-10
295.213 8.74168e-10
295.278 8.28411e-10
295.343 8.54676e-10
295.408 8.64919e-10
295.473 8.95985e-10
295.538 8.53834e-10
295.603 7.73763e-10
295.668 8.31956e-10
295.733 9.15211e-10
295.798 9.54986e-10
295.863 9.08573e-10
295.928 8.81622e-10
295.993 9.0153e-10
296.058 9.43214e-10
296.123 9.95844e-10
296.188 1.01769e-09
296.253 1.01084e-09
296.318 1.01664e-09
296.383 9.97509e-10
296.448 9.32725e-10
296.513 8.44058e-10
296.578 7.36924e-10
296.643 6.6923e-10
296.708 6.24517e-10
296.773 6.39293e-10
296.837 6.18207e-10
296.902 6.13771e-10
296.967 6.43949e-10
297.032 7.43598e-10
297.097 7.97587e-10
297.162 7.08039e-10
297.227 7.33073e-10
297.292 7.55009e-10
297.357 8.67073e-10
297.422 9.0642e-10
297.487 9.12832e-10
297.552 9.92901e-10
297.617 1.13495e-09
297.682 1.26645e-09
297.747 1.29216e-09
297.812 1.2678e-09
297.877 1.24079e-09
297.942 1.25538e-09
298.007 1.17876e-09
298.072 9.9921e-10
298.137 9.22858e-10
298.202 8.399e-10
298.267 7.79276e-10
298.332 6.92898e-10
298.397 6.3812e-10
298.462 6.76708e-10
298.527 7.09068e-10
298.592 6.76176e-10
298.657 6.82686e-10
298.721 7.81505e-10
298.786 8.58476e-10
298.851 9.7277e-10
298.916 1.09546e-09
298.981 1.15624e-09
299.046 1.23562e-09
299.111 1.28158e-09
299.176 1.28368e-09
299.241 1.28644e-09
299.306 1.18998e-09
299.371 1.04763e-09
299.436 9.95688e-10
299.501 1.05708e-09
