303.374 1.81522e-09
303.565 1.87789e-09
303.756 1.73635e-09
303.947 1.71698e-09
304.138 1.83533e-09
304.33 1.96245e-09
304.521 2.20707e-09
304.712 2.33211e-09
304.903 2.52163e-09
305.094 2.75992e-09
305.285 3.22464e-09
305.476 2.98977e-09
305.667 2.69455e-09
305.858 2.76571e-09
306.049 2.94003e-09
306.24 3.14388e-09
306.431 3.26189e-09
306.622 3.38586e-09
306.812 3.83068e-09
307.003 4.73168e-09
307.194 5.38814e-09
307.385 6.08533e-09
307.576 6.11777e-09
307.767 6.75672e-09
307.958 7.22501e-09
308.149 7.56918e-09
308.34 8.25888e-09
308.531 9.09017e-09
308.722 1.0029e-08
308.912 9.83943e-09
309.103 9.73683e-09
309.294 1.02815e-08
309.485 1.20695e-08
309.676 1.35437e-08
309.867 1.4111e-08
310.058 1.37537e-08
310.248 1.61589e-08
310.439 2.03049e-08
310.63 2.46907e-08
310.821 2.74127e-08
311.012 2.84296e-08
311.203 2.8819e-08
311.393 2.86049e-08
311.584 2.85699e-08
311.775 2.80512e-08
311.966 2.8421e-08
312.156 3.03701e-08
312.347 3.35864e-08
312.538 3.57647e-08
312.729 3.79337e-08
312.92 3.8664e-08
313.11 3.87879e-08
313.301 3.7672e-08
313.492 3.79854e-08
313.683 4.09358e-08
313.873 4.62112e-08
314.064 4.81614e-08
314.255 4.57624e-08
314.446 4.25437e-08
314.636 4.58313e-08
314.827 5.22894e-08
315.018 5.71455e-08
315.209 5.7592e-08
315.399 5.34769e-08
315.59 4.74308e-08
315.781 4.16177e-08
315.971 4.13752e-08
316.162 4.68356e-08
316.353 5.5907e-08
316.544 6.32227e-08
316.734 6.86402e-08
316.925 7.32913e-08
317.116 7.92414e-08
317.306 8.21424e-08
317.497 8.06524e-08
317.688 7.48805e-08
317.879 6.63111e-08
318.069 6.12098e-08
318.26 6.36688e-08
318.451 7.31557e-08
318.641 8.43351e-08
318.832 9.40496e-08
319.023 9.36241e-08
319.213 8.33486e-08
319.404 7.60229e-08
319.595 7.78025e-08
319.785 8.53145e-08
319.976 8.95144e-08
320.167 9.58971e-08
320.358 1.0431e-07
320.548 1.13629e-07
320.739 1.15774e-07
320.93 1.07408e-07
321.12 9.75401e-08
321.311 9.18067e-08
321.502 9.55257e-08
321.692 1.02842e-07
321.883 1.07791e-07
322.074 1.03804e-07
322.265 9.84463e-08
322.455 9.309e-08
322.646 8.60108e-08
322.837 8.23179e-08
323.027 8.85947e-08
323.218 9.97776e-08
323.409 1.06306e-07
323.599 1.10718e-07
323.79 1.17709e-07
323.981 1.25711e-07
324.172 1.30654e-07
324.362 1.31599e-07
324.553 1.29207e-07
324.744 1.19911e-07
324.934 1.1358e-07
325.125 1.14793e-07
325.316 1.26043e-07
325.507 1.40674e-07
325.697 1.54945e-07
325.888 1.69101e-07
326.079 1.75973e-07
326.269 1.75934e-07
326.46 1.73511e-07
326.651 1.7949e-07
326.842 1.82393e-07
327.032 1.76098e-07
327.223 1.68495e-07
327.414 1.68218e-07
327.605 1.66368e-07
327.795 1.57529e-07
327.986 1.5025e-07
328.177 1.51273e-07
328.368 1.55708e-07
328.558 1.55184e-07
328.749 1.58461e-07
328.94 1.7534e-07
329.131 1.94779e-07
329.322 2.07786e-07
329.512 2.11524e-07
329.703 2.13334e-07
329.894 2.1618e-07
330.085 2.13757e-07
330.275 1.96157e-07
330.466 1.76906e-07
330.657 1.65098e-07
330.848 1.70145e-07
331.039 1.74746e-07
331.229 1.73269e-07
331.42 1.69095e-07
331.611 1.76465e-07
331.802 1.87228e-07
331.993 1.90835e-07
332.184 1.82164e-07
332.374 1.79575e-07
332.565 1.86953e-07
332.756 1.87947e-07
332.947 1.84196e-07
333.138 1.84931e-07
333.329 1.82776e-07
333.52 1.68614e-07
333.71 1.59352e-07
333.901 1.64073e-07
334.092 1.73706e-07
334.283 1.83406e-07
334.474 1.94554e-07
334.665 1.95127e-07
334.856 1.83529e-07
335.047 1.82168e-07
335.238 1.94927e-07
335.428 2.0867e-07
335.619 2.08668e-07
335.81 1.82675e-07
336.001 1.44335e-07
336.192 1.37065e-07
336.383 1.62561e-07
336.574 1.78912e-07
336.765 1.65568e-07
336.956 1.45629e-07
337.147 1.37472e-07
337.338 1.48731e-07
337.529 1.75214e-07
337.72 1.89766e-07
337.911 1.7593e-07
338.102 1.65312e-07
338.293 1.72028e-07
338.484 1.88656e-07
338.675 1.95561e-07
338.866 1.97318e-07
339.057 1.90492e-07
339.248 1.75469e-07
339.439 1.73738e-07
339.63 1.89022e-07
339.821 2.08951e-07
340.012 2.18477e-07
340.203 2.13788e-07
340.394 2.03025e-07
340.586 1.9213e-07
340.777 1.86092e-07
340.968 1.8849e-07
341.159 1.88728e-07
341.35 1.75838e-07
341.541 1.70806e-07
341.732 1.83267e-07
341.923 2.0455e-07
342.114 2.06826e-07
342.306 1.96363e-07
342.497 1.90494e-07
342.688 1.92517e-07
342.879 2.06014e-07
343.07 2.098e-07
343.261 2.01505e-07
343.453 1.95919e-07
343.644 1.92533e-07
343.835 1.77549e-07
344.026 1.45123e-07
344.217 1.25965e-07
344.409 1.30254e-07
344.6 1.49558e-07
344.791 1.70657e-07
344.982 1.89691e-07
345.174 1.94073e-07
345.365 1.94742e-07
345.556 1.96058e-07
345.747 1.87593e-07
345.939 1.69229e-07
346.13 1.62492e-07
346.321 1.75529e-07
346.513 1.84909e-07
346.704 1.90643e-07
346.895 1.98361e-07
347.087 2.01317e-07
347.278 1.86848e-07
347.469 1.63661e-07
347.661 1.55662e-07
347.852 1.70798e-07
348.043 1.86955e-07
348.235 1.85177e-07
348.426 1.7823e-07
348.618 1.86113e-07
348.809 1.87015e-07
349 1.71935e-07
349.192 1.61196e-07
349.383 1.66946e-07
349.575 1.66697e-07
349.766 1.71715e-07
349.958 1.92279e-07
350.149 2.14342e-07
350.341 2.2295e-07
350.532 2.16348e-07
350.724 2.10958e-07
350.915 2.02675e-07
351.107 1.93333e-07
351.298 1.78165e-07
351.49 1.76693e-07
351.681 1.96781e-07
351.873 2.11326e-07
352.064 2.01311e-07
352.256 1.78221e-07
352.448 1.56022e-07
352.639 1.53775e-07
352.831 1.75853e-07
353.022 1.96479e-07
353.214 1.99978e-07
353.406 2.03758e-07
353.597 2.08506e-07
353.789 2.15446e-07
353.981 2.16592e-07
354.172 2.14152e-07
354.364 2.16497e-07
354.556 2.2072e-07
354.747 2.20989e-07
354.939 2.21997e-07
355.131 2.17947e-07
355.322 2.04187e-07
355.514 1.97179e-07
355.706 1.96753e-07
355.898 1.98072e-07
356.089 2.03125e-07
356.281 2.09346e-07
356.473 1.85334e-07
356.665 1.62843e-07
356.857 1.48001e-07
357.048 1.44168e-07
357.24 1.52243e-07
357.432 1.69692e-07
357.624 1.80214e-07
357.816 1.71882e-07
358.008 1.42795e-07
358.2 1.24555e-07
358.391 1.20724e-07
358.583 1.19566e-07
358.775 1.26113e-07
358.967 1.53276e-07
359.159 1.82147e-07
359.351 1.95913e-07
359.543 2.07068e-07
359.735 2.16753e-07
359.927 2.26389e-07
360.119 2.19639e-07
360.311 1.98527e-07
360.503 1.79783e-07
360.695 1.69653e-07
360.887 1.57937e-07
361.079 1.6077e-07
361.271 1.72981e-07
361.463 1.88204e-07
361.655 1.83313e-07
361.847 1.57487e-07
362.039 1.51435e-07
362.231 1.72742e-07
362.423 1.99206e-07
362.616 2.21601e-07
362.808 2.3193e-07
363 2.03859e-07
363.192 1.70026e-07
363.384 1.63269e-07
363.576 1.79147e-07
363.768 1.98543e-07
363.961 2.15084e-07
364.153 2.18559e-07
364.345 2.04277e-07
364.537 1.86844e-07
364.729 1.73876e-07
364.922 1.73154e-07
365.114 1.9214e-07
365.306 2.17012e-07
365.499 2.30147e-07
365.691 2.37647e-07
365.883 2.44491e-07
366.075 2.48052e-07
366.268 2.38968e-07
366.46 2.32028e-07
366.652 2.29442e-07
366.845 2.22446e-07
367.037 2.22566e-07
367.23 2.31291e-07
367.422 2.39622e-07
367.614 2.31351e-07
367.807 2.13473e-07
367.999 2.00664e-07
368.192 2.05748e-07
368.384 2.13605e-07
368.576 2.0554e-07
368.769 1.93603e-07
368.961 2.0815e-07
369.154 2.33482e-07
369.346 2.37657e-07
369.539 2.30512e-07
369.731 2.33605e-07
369.924 2.47972e-07
370.117 2.52011e-07
370.309 2.31798e-07
370.502 1.98097e-07
370.694 1.78513e-07
370.887 1.82352e-07
371.079 2.06935e-07
371.272 2.4213e-07
371.465 2.61634e-07
371.657 2.54957e-07
371.85 2.13843e-07
372.043 1.65531e-07
372.235 1.56407e-07
372.428 1.91918e-07
372.621 2.13719e-07
372.813 2.15973e-07
373.006 2.12761e-07
373.199 1.92748e-07
373.392 1.52073e-07
373.584 1.24538e-07
373.777 1.40503e-07
373.97 1.84793e-07
374.163 2.08243e-07
374.356 1.9155e-07
374.548 1.62022e-07
374.741 1.38037e-07
374.934 1.33182e-07
375.127 1.6134e-07
375.32 2.0764e-07
375.513 2.40649e-07
375.706 2.19759e-07
375.898 1.90301e-07
376.091 1.88105e-07
376.284 1.95915e-07
376.477 1.99381e-07
376.67 1.96341e-07
376.863 1.98236e-07
377.056 2.05226e-07
377.249 2.23411e-07
377.442 2.37987e-07
377.635 2.44616e-07
377.828 2.48821e-07
378.021 2.58568e-07
378.214 2.67461e-07
378.407 2.68375e-07
378.6 2.4556e-07
378.794 2.16425e-07
378.987 2.03808e-07
379.18 2.07574e-07
379.373 2.02143e-07
379.566 1.89484e-07
379.759 1.73164e-07
379.952 1.76938e-07
380.145 2.01802e-07
380.339 2.31437e-07
380.532 2.35236e-07
380.725 2.26949e-07
380.918 2.31527e-07
381.112 2.37986e-07
381.305 2.1882e-07
381.498 1.84352e-07
381.691 1.76538e-07
381.885 1.71423e-07
382.078 1.61904e-07
382.271 1.59068e-07
382.465 1.47809e-07
382.658 1.30228e-07
382.851 1.25607e-07
383.045 1.31508e-07
383.238 1.25021e-07
383.431 1.20502e-07
383.625 1.24433e-07
383.818 1.22518e-07
384.012 1.22846e-07
384.205 1.48805e-07
384.398 1.8191e-07
384.592 1.99013e-07
384.785 2.01214e-07
384.979 1.94189e-07
385.172 1.92899e-07
385.366 1.92733e-07
385.559 1.83144e-07
385.753 1.65434e-07
385.947 1.46759e-07
386.14 1.58364e-07
386.334 1.90051e-07
386.527 2.05253e-07
386.721 1.99157e-07
386.914 1.83101e-07
387.108 1.60689e-07
387.302 1.61185e-07
387.495 1.88347e-07
387.689 1.9444e-07
387.883 1.81062e-07
388.076 1.69131e-07
388.27 1.72385e-07
388.464 1.75276e-07
388.658 1.6927e-07
388.851 1.63029e-07
389.045 1.80464e-07
389.239 2.07856e-07
389.433 2.17807e-07
389.626 2.23387e-07
389.82 2.25793e-07
390.014 2.27501e-07
390.208 2.2137e-07
390.402 2.07979e-07
390.596 2.01948e-07
390.789 2.17828e-07
390.983 2.38314e-07
391.177 2.52455e-07
391.371 2.54116e-07
391.565 2.491e-07
391.759 2.39262e-07
391.953 2.19932e-07
392.147 2.01996e-07
392.341 1.99063e-07
392.535 1.95739e-07
392.729 1.69736e-07
392.923 1.31393e-07
393.117 9.70392e-08
393.311 7.18644e-08
393.505 6.80587e-08
393.699 8.99537e-08
393.893 1.27828e-07
394.087 1.58321e-07
394.281 1.68742e-07
394.476 1.81444e-07
394.67 2.01494e-07
394.864 2.21262e-07
395.058 2.33896e-07
395.252 2.37425e-07
395.446 2.38113e-07
395.641 2.34116e-07
395.835 2.35765e-07
396.029 2.16788e-07
396.223 1.82644e-07
396.418 1.50909e-07
396.612 1.19483e-07
396.806 8.69799e-08
397 8.08629e-08
397.195 1.07982e-07
397.389 1.47827e-07
397.583 1.85889e-07
397.778 2.20931e-07
397.972 2.50974e-07
398.166 2.63677e-07
398.361 2.63001e-07
398.555 2.61478e-07
