400.104 2.11422e-07
400.298 2.16429e-07
400.493 2.00731e-07
400.687 1.94671e-07
400.882 2.03471e-07
401.077 2.15887e-07
401.272 2.19541e-07
401.466 2.21199e-07
401.661 2.16834e-07
401.856 2.17205e-07
402.051 2.19973e-07
402.245 2.21713e-07
402.44 2.195e-07
402.635 2.22131e-07
402.83 2.24941e-07
403.025 2.12109e-07
403.219 1.94442e-07
403.414 1.89827e-07
403.609 2.06464e-07
403.804 2.24537e-07
403.999 2.28094e-07
404.194 2.24831e-07
404.389 2.03939e-07
404.584 1.79848e-07
404.779 1.86579e-07
404.974 2.1245e-07
405.168 2.22594e-07
405.363 2.13622e-07
405.559 2.04781e-07
405.754 1.97592e-07
405.949 2.0261e-07
406.144 2.02566e-07
406.339 1.89176e-07
406.534 1.83769e-07
406.729 1.9627e-07
406.924 2.09614e-07
407.119 2.02871e-07
407.314 2.02012e-07
407.509 2.02705e-07
407.704 1.94449e-07
407.9 1.93085e-07
408.095 2.10554e-07
408.29 2.18215e-07
408.485 2.12522e-07
408.68 2.17968e-07
408.876 2.30869e-07
409.071 2.31701e-07
409.266 2.26431e-07
409.461 2.18954e-07
409.657 2.08433e-07
409.852 1.97799e-07
410.047 1.77585e-07
410.243 1.65405e-07
410.438 1.78397e-07
410.633 2.01423e-07
410.829 2.12529e-07
411.024 2.1364e-07
411.22 2.17758e-07
411.415 2.26665e-07
411.61 2.33532e-07
411.806 2.28739e-07
412.001 2.23077e-07
412.197 2.22189e-07
412.392 2.25427e-07
412.588 2.24308e-07
412.783 2.20317e-07
412.979 2.17364e-07
413.174 2.0877e-07
413.37 2.02481e-07
413.565 2.13064e-07
413.761 2.28742e-07
413.957 2.37502e-07
414.152 2.28142e-07
414.348 2.08985e-07
414.543 2.07913e-07
414.739 2.20045e-07
414.935 2.24309e-07
415.13 2.21566e-07
415.326 2.159e-07
415.522 2.10097e-07
415.718 2.10533e-07
415.913 2.18144e-07
416.109 2.2774e-07
416.305 2.3498e-07
416.501 2.35978e-07
416.696 2.27436e-07
416.892 2.24151e-07
417.088 2.16978e-07
417.284 2.05503e-07
417.48 2.02384e-07
417.676 2.06963e-07
417.871 2.13153e-07
418.067 2.14818e-07
418.263 2.12334e-07
418.459 2.13198e-07
418.655 2.07674e-07
418.851 2.06151e-07
419.047 2.12156e-07
419.243 2.24706e-07
419.439 2.25474e-07
419.635 2.13542e-07
419.831 1.99668e-07
420.027 1.96016e-07
420.223 1.99165e-07
420.419 2.10093e-07
420.615 2.2208e-07
420.811 2.29883e-07
421.007 2.30337e-07
421.204 2.33342e-07
421.4 2.29404e-07
421.596 2.19167e-07
421.792 2.17074e-07
421.988 2.27181e-07
422.184 2.32116e-07
422.381 2.16075e-07
422.577 1.81887e-07
422.773 1.73624e-07
422.969 2.01594e-07
423.166 2.24394e-07
423.362 2.2239e-07
423.558 2.0951e-07
423.754 2.03539e-07
423.951 2.07979e-07
424.147 2.1632e-07
424.343 2.23542e-07
424.54 2.26704e-07
424.736 2.1717e-07
424.933 2.02553e-07
425.129 2.03485e-07
425.325 2.10513e-07
425.522 2.12791e-07
425.718 2.16822e-07
425.915 2.06763e-07
426.111 1.97897e-07
426.308 2.0887e-07
426.504 2.27406e-07
426.701 2.29481e-07
426.897 2.14494e-07
427.094 1.90777e-07
427.29 1.78067e-07
427.487 1.84596e-07
427.684 2.06497e-07
427.88 2.16456e-07
428.077 2.1316e-07
428.273 2.11398e-07
428.47 2.09137e-07
428.667 2.03046e-07
428.863 1.92678e-07
429.06 1.87617e-07
429.257 1.94407e-07
429.453 2.01321e-07
429.65 1.94033e-07
429.847 1.70448e-07
430.044 1.51145e-07
430.241 1.46998e-07
430.437 1.51543e-07
430.634 1.50301e-07
430.831 1.4085e-07
431.028 1.38451e-07
431.225 1.53578e-07
431.421 1.85307e-07
431.618 2.21637e-07
431.815 2.46919e-07
432.012 2.49773e-07
432.209 2.31513e-07
432.406 1.96667e-07
432.603 1.80025e-07
432.8 2.0108e-07
432.997 2.2853e-07
433.194 2.39585e-07
433.391 2.41315e-07
433.588 2.33127e-07
433.785 2.06492e-07
433.982 1.75657e-07
434.179 1.71936e-07
434.376 1.94017e-07
434.573 2.17994e-07
434.77 2.32585e-07
434.968 2.34654e-07
435.165 2.19756e-07
435.362 2.13297e-07
435.559 2.21935e-07
435.756 2.31728e-07
435.953 2.33811e-07
436.151 2.3986e-07
436.348 2.46924e-07
436.545 2.50208e-07
436.742 2.44008e-07
436.94 2.38217e-07
437.137 2.33898e-07
437.334 2.2692e-07
437.531 2.18987e-07
437.729 2.25515e-07
437.926 2.34525e-07
438.123 2.2716e-07
438.321 1.94142e-07
438.518 1.82035e-07
438.716 2.00006e-07
438.913 2.17307e-07
439.11 2.21657e-07
439.308 2.25162e-07
439.505 2.286e-07
439.703 2.37386e-07
439.9 2.38089e-07
440.098 2.33862e-07
440.295 2.23594e-07
440.493 2.13626e-07
440.69 2.1554e-07
440.888 2.27214e-07
441.085 2.46716e-07
441.283 2.53876e-07
441.481 2.42549e-07
441.678 2.35688e-07
441.876 2.47089e-07
442.074 2.59442e-07
442.271 2.54553e-07
442.469 2.49438e-07
442.667 2.50385e-07
442.864 2.54541e-07
443.062 2.52904e-07
443.26 2.4962e-07
443.457 2.39682e-07
443.655 2.41767e-07
443.853 2.55154e-07
444.051 2.59438e-07
444.249 2.48551e-07
444.446 2.48567e-07
444.644 2.5705e-07
444.842 2.62156e-07
445.04 2.61635e-07
445.238 2.58162e-07
445.436 2.42901e-07
445.633 2.31107e-07
445.831 2.2903e-07
446.029 2.31312e-07
446.227 2.35746e-07
446.425 2.46535e-07
446.623 2.52328e-07
446.821 2.52764e-07
447.019 2.51121e-07
447.217 2.5932e-07
447.415 2.69262e-07
447.613 2.7467e-07
447.811 2.73496e-07
448.009 2.60627e-07
448.207 2.49569e-07
448.405 2.56431e-07
448.604 2.70174e-07
448.802 2.70461e-07
449 2.6196e-07
449.198 2.61076e-07
449.396 2.62519e-07
449.594 2.62316e-07
449.793 2.66859e-07
449.991 2.72446e-07
450.189 2.74249e-07
450.387 2.81317e-07
450.585 2.87874e-07
450.784 2.88612e-07
450.982 2.87363e-07
451.18 2.84247e-07
451.379 2.77833e-07
451.577 2.7327e-07
451.775 2.73423e-07
451.974 2.76889e-07
452.172 2.77979e-07
452.37 2.72385e-07
452.569 2.62575e-07
452.767 2.49202e-07
452.965 2.42346e-07
453.164 2.47049e-07
453.362 2.48539e-07
453.561 2.51724e-07
453.759 2.64704e-07
453.958 2.74833e-07
454.156 2.75789e-07
454.355 2.73066e-07
454.553 2.70733e-07
454.752 2.63954e-07
454.95 2.57588e-07
455.149 2.5871e-07
455.348 2.60653e-07
455.546 2.61962e-07
455.745 2.69057e-07
455.943 2.78934e-07
456.142 2.84692e-07
456.341 2.79009e-07
456.539 2.70234e-07
456.738 2.72676e-07
456.937 2.78571e-07
457.135 2.76977e-07
457.334 2.77571e-07
457.533 2.81368e-07
457.732 2.83727e-07
457.93 2.74552e-07
458.129 2.64679e-07
458.328 2.60241e-07
458.527 2.60746e-07
458.726 2.6695e-07
458.924 2.74934e-07
459.123 2.74725e-07
459.322 2.69121e-07
459.521 2.66378e-07
459.72 2.6649e-07
459.919 2.66331e-07
460.118 2.66043e-07
460.317 2.68282e-07
460.516 2.69786e-07
460.714 2.75016e-07
460.913 2.81413e-07
461.112 2.80698e-07
461.311 2.78015e-07
461.51 2.76714e-07
461.709 2.78089e-07
461.908 2.77309e-07
462.108 2.79409e-07
462.307 2.81485e-07
462.506 2.81745e-07
462.705 2.81316e-07
462.904 2.81878e-07
463.103 2.81971e-07
463.302 2.80381e-07
463.501 2.78579e-07
463.7 2.74098e-07
463.9 2.69689e-07
464.099 2.71207e-07
464.298 2.75841e-07
464.497 2.70591e-07
464.696 2.61698e-07
464.896 2.59567e-07
465.095 2.67719e-07
465.294 2.7303e-07
465.493 2.70657e-07
465.693 2.70593e-07
465.892 2.79156e-07
466.091 2.83924e-07
466.291 2.79608e-07
466.49 2.68361e-07
466.689 2.50742e-07
466.889 2.46332e-07
467.088 2.58383e-07
467.288 2.68736e-07
467.487 2.73313e-07
467.686 2.75648e-07
467.886 2.70285e-07
468.085 2.64616e-07
468.285 2.65967e-07
468.484 2.71436e-07
468.684 2.75127e-07
468.883 2.74283e-07
469.083 2.70975e-07
469.282 2.70353e-07
469.482 2.74723e-07
469.682 2.74876e-07
469.881 2.68532e-07
470.081 2.60199e-07
470.28 2.52671e-07
470.48 2.55227e-07
470.68 2.58782e-07
470.879 2.60087e-07
471.079 2.63579e-07
471.279 2.68149e-07
471.478 2.68041e-07
471.678 2.73353e-07
471.878 2.81535e-07
472.077 2.86608e-07
472.277 2.85853e-07
472.477 2.85449e-07
472.677 2.79861e-07
472.877 2.67946e-07
473.076 2.62451e-07
473.276 2.65949e-07
473.476 2.70639e-07
473.676 2.69918e-07
473.876 2.72135e-07
474.076 2.7445e-07
474.276 2.79366e-07
474.475 2.80384e-07
474.675 2.82441e-07
474.875 2.82305e-07
475.075 2.82464e-07
475.275 2.77178e-07
475.475 2.70473e-07
475.675 2.69127e-07
475.875 2.7487e-07
476.075 2.76181e-07
476.275 2.69449e-07
476.475 2.62013e-07
476.675 2.60674e-07
476.875 2.67663e-07
477.075 2.75005e-07
477.276 2.77041e-07
477.476 2.81324e-07
477.676 2.86291e-07
477.876 2.88397e-07
478.076 2.86925e-07
478.276 2.82965e-07
478.476 2.77568e-07
478.677 2.7251e-07
478.877 2.71984e-07
479.077 2.73968e-07
479.277 2.80235e-07
479.478 2.88792e-07
479.678 2.90588e-07
479.878 2.85319e-07
480.078 2.79964e-07
480.279 2.82155e-07
480.479 2.83852e-07
480.68 2.80951e-07
480.88 2.78043e-07
481.08 2.8117e-07
481.281 2.85003e-07
481.481 2.8812e-07
481.681 2.91273e-07
481.882 2.93501e-07
482.082 2.92369e-07
482.283 2.84971e-07
482.483 2.80334e-07
482.684 2.83269e-07
482.884 2.85724e-07
483.085 2.82861e-07
483.285 2.81669e-07
483.486 2.83768e-07
483.687 2.84956e-07
483.887 2.79929e-07
484.088 2.74787e-07
484.288 2.7402e-07
484.489 2.79636e-07
484.69 2.8166e-07
484.89 2.8094e-07
485.091 2.79812e-07
485.292 2.75954e-07
485.492 2.65672e-07
485.693 2.54301e-07
485.894 2.35213e-07
486.095 2.06381e-07
486.295 1.99777e-07
486.496 2.23611e-07
486.697 2.52293e-07
486.898 2.61639e-07
487.099 2.53088e-07
487.3 2.49314e-07
487.5 2.57798e-07
487.701 2.69251e-07
487.902 2.75453e-07
488.103 2.80647e-07
488.304 2.8067e-07
488.505 2.73185e-07
488.706 2.66645e-07
488.907 2.59284e-07
489.108 2.52656e-07
489.309 2.6278e-07
489.51 2.82988e-07
489.711 2.97331e-07
489.912 2.95389e-07
490.113 2.90796e-07
490.315 2.85766e-07
490.516 2.86899e-07
490.717 2.8848e-07
490.918 2.82356e-07
491.119 2.73524e-07
491.32 2.78521e-07
491.522 2.87772e-07
491.723 2.82745e-07
491.924 2.59099e-07
492.125 2.46253e-07
492.327 2.56881e-07
492.528 2.72442e-07
492.729 2.83854e-07
492.931 2.92665e-07
493.132 2.93677e-07
493.333 2.86045e-07
493.535 2.78875e-07
493.736 2.72437e-07
493.938 2.70124e-07
494.139 2.78725e-07
494.341 2.9294e-07
494.542 2.96345e-07
494.744 2.95398e-07
494.945 2.96629e-07
495.147 2.99209e-07
495.348 2.9672e-07
495.55 2.87736e-07
495.751 2.68649e-07
495.953 2.72999e-07
496.155 2.90789e-07
496.356 3.01939e-07
496.558 2.94982e-07
496.76 2.88851e-07
496.962 2.85043e-07
497.163 2.88618e-07
497.365 2.94806e-07
497.567 2.99283e-07
497.769 2.94734e-07
497.971 2.85785e-07
498.172 2.72649e-07
498.374 2.58186e-07
