299.56 1.00529e-09
299.625 1.05695e-09
299.69 1.22459e-09
299.755 1.39345e-09
299.82 1.28306e-09
299.885 1.18533e-09
299.95 1.05748e-09
300.015 8.69201e-10
300.08 7.77719e-10
300.145 7.41076e-10
300.21 6.77087e-10
300.275 8.03696e-10
300.34 8.91061e-10
300.405 9.83869e-10
300.47 1.05116e-09
300.535 1.15042e-09
300.6 1.16038e-09
300.665 1.16523e-09
300.729 1.16582e-09
300.794 1.19183e-09
300.859 1.06838e-09
300.924 1.22723e-09
300.989 1.16756e-09
301.054 1.20102e-09
301.119 1.25481e-09
301.184 1.4578e-09
301.249 1.58372e-09
301.314 1.40365e-09
301.379 1.55853e-09
301.444 1.55575e-09
301.509 1.66785e-09
301.574 1.85454e-09
301.639 1.51561e-09
301.704 1.45932e-09
301.769 1.53207e-09
301.834 1.41589e-09
301.899 1.12005e-09
301.964 1.01839e-09
302.029 9.26287e-10
302.094 9.97418e-10
302.158 1.05372e-09
302.223 1.19029e-09
302.288 1.32312e-09
302.353 1.4897e-09
302.418 1.77912e-09
302.483 1.88921e-09
302.548 1.78009e-09
302.613 1.98959e-09
302.678 2.09202e-09
302.743 2.32562e-09
302.808 2.3125e-09
302.873 2.46674e-09
302.938 2.84385e-09
303.003 2.79464e-09
303.068 2.5636e-09
303.133 2.64311e-09
303.198 2.85873e-09
303.263 2.87563e-09
303.328 3.18156e-09
303.393 3.23765e-09
303.457 3.61658e-09
303.522 3.63288e-09
303.587 3.39392e-09
303.652 2.86917e-09
303.717 2.97534e-09
303.782 2.88336e-09
303.847 2.8332e-09
303.912 2.61118e-09
303.977 2.46362e-09
304.042 2.56896e-09
304.107 2.84096e-09
304.172 3.05196e-09
304.237 3.11124e-09
304.302 3.04309e-09
304.367 3.246e-09
304.432 3.6461e-09
304.497 3.90437e-09
304.562 4.09702e-09
304.627 3.82189e-09
304.692 3.58274e-09
304.756 3.6721e-09
304.821 3.94319e-09
304.886 4.03557e-09
304.951 3.69934e-09
305.016 4.14649e-09
305.081 5.22033e-09
305.146 5.85369e-09
305.211 5.86283e-09
305.276 5.82101e-09
305.341 5.72481e-09
305.406 5.9607e-09
305.471 5.86305e-09
305.536 5.83793e-09
305.601 5.07169e-09
305.666 4.57499e-09
305.731 4.59542e-09
305.796 4.15253e-09
305.861 4.12895e-09
305.926 3.94201e-09
305.99 4.11351e-09
306.055 4.64578e-09
306.12 5.34871e-09
306.185 5.59381e-09
306.25 6.07152e-09
306.315 6.32756e-09
306.38 6.16788e-09
306.445 6.20691e-09
306.51 5.88567e-09
306.575 5.72381e-09
306.64 5.34836e-09
306.705 5.53839e-09
306.77 5.98478e-09
306.835 6.70308e-09
306.9 6.86424e-09
306.965 7.76353e-09
307.03 8.4615e-09
307.095 9.14625e-09
307.16 9.41656e-09
307.224 1.00057e-08
307.289 1.01451e-08
307.354 1.04544e-08
307.419 9.98266e-09
307.484 9.95131e-09
307.549 1.06169e-08
307.614 1.13712e-08
307.679 1.12264e-08
307.744 1.08766e-08
307.809 1.12461e-08
307.874 1.1979e-08
307.939 1.24896e-08
308.004 1.20017e-08
308.069 1.1061e-08
308.134 1.11731e-08
308.199 1.11559e-08
308.264 1.08275e-08
308.329 1.15857e-08
308.393 1.21431e-08
308.458 1.32931e-08
308.523 1.40073e-08
308.588 1.4277e-08
308.653 1.43934e-08
308.718 1.44108e-08
308.783 1.36281e-08
308.848 1.32434e-08
308.913 1.27356e-08
308.978 1.22507e-08
309.043 1.20363e-08
309.108 1.18785e-08
309.173 1.11056e-08
309.238 1.04961e-08
309.303 1.09728e-08
309.368 1.17692e-08
309.433 1.34491e-08
309.498 1.42406e-08
309.563 1.42346e-08
309.627 1.52783e-08
309.692 1.67496e-08
309.757 1.77776e-08
309.822 1.68172e-08
309.887 1.51445e-08
309.952 1.41053e-08
310.017 1.40176e-08
310.082 1.37899e-08
310.147 1.38436e-08
310.212 1.44027e-08
310.277 1.59042e-08
310.342 1.85195e-08
310.407 2.07997e-08
310.472 2.29189e-08
310.537 2.5847e-08
310.602 2.70218e-08
310.667 2.81595e-08
310.732 2.98939e-08
310.796 3.02408e-08
310.861 3.14573e-08
310.926 3.12621e-08
310.991 3.14867e-08
311.056 3.21694e-08
311.121 3.23975e-08
311.186 3.23085e-08
311.251 3.14004e-08
311.316 3.10073e-08
311.381 3.17628e-08
311.446 3.25969e-08
311.511 3.23171e-08
311.576 3.11934e-08
311.641 3.04622e-08
311.706 3.08808e-08
311.771 3.13451e-08
311.836 3.08467e-08
311.901 2.96617e-08
311.965 3.01042e-08
312.03 3.05768e-08
312.095 3.05762e-08
312.16 3.15931e-08
312.225 3.33717e-08
312.29 3.66563e-08
312.355 3.79577e-08
312.42 3.80462e-08
312.485 3.87659e-08
312.55 4.04154e-08
312.615 4.12922e-08
312.68 4.17463e-08
312.745 4.05081e-08
312.81 4.10374e-08
312.875 4.35953e-08
312.94 4.38365e-08
313.005 4.4468e-08
313.07 4.40593e-08
313.134 4.3279e-08
313.199 4.34085e-08
313.264 4.24598e-08
313.329 3.96427e-08
313.394 4.10645e-08
313.459 4.01091e-08
313.524 3.94413e-08
313.589 4.00927e-08
313.654 4.18968e-08
313.719 4.49271e-08
313.784 4.84349e-08
313.849 4.98603e-08
313.914 5.16626e-08
313.979 5.4971e-08
314.044 5.80162e-08
314.109 5.87806e-08
314.174 5.79483e-08
314.239 5.37842e-08
314.303 4.91796e-08
314.368 4.62636e-08
314.433 4.51518e-08
314.498 4.39106e-08
314.563 4.37125e-08
314.628 4.36472e-08
314.693 4.78811e-08
314.758 5.60522e-08
314.823 6.18951e-08
314.888 6.32067e-08
314.953 6.43836e-08
315.018 6.56034e-08
315.083 6.73417e-08
315.148 6.82914e-08
315.213 6.71157e-08
315.278 6.47243e-08
315.343 6.32398e-08
315.408 6.16054e-08
315.472 5.93447e-08
315.537 5.72578e-08
315.602 5.30584e-08
315.667 4.89725e-08
315.732 4.54816e-08
315.797 4.3651e-08
315.862 4.26321e-08
315.927 4.15087e-08
315.992 4.01929e-08
316.057 4.22178e-08
316.122 4.55146e-08
316.187 5.03074e-08
316.252 5.623e-08
316.317 5.87724e-08
316.382 6.17818e-08
316.447 6.64776e-08
316.512 6.88614e-08
316.576 7.26977e-08
316.641 7.55422e-08
316.706 7.45444e-08
316.771 7.52653e-08
316.836 7.71974e-08
316.901 7.83492e-08
316.966 8.3319e-08
317.031 8.48752e-08
317.096 8.49109e-08
317.161 9.04782e-08
317.226 9.37503e-08
317.291 9.66275e-08
317.356 9.51465e-08
317.421 9.27761e-08
317.486 9.16863e-08
317.551 9.22184e-08
317.616 8.97606e-08
317.68 8.71016e-08
317.745 8.32958e-08
317.81 7.83153e-08
317.875 7.59113e-08
317.94 7.18963e-08
318.005 6.59942e-08
318.07 6.19271e-08
318.135 6.24038e-08
318.2 6.21955e-08
318.265 6.69254e-08
318.33 7.06471e-08
318.395 7.41136e-08
318.46 8.04719e-08
318.525 8.54402e-08
318.59 8.84914e-08
318.655 9.38241e-08
318.719 9.58815e-08
318.784 1.03174e-07
318.849 1.11704e-07
318.914 1.13277e-07
318.979 1.13743e-07
319.044 1.12267e-07
319.109 1.05925e-07
319.174 9.99865e-08
319.239 9.18087e-08
319.304 8.25756e-08
319.369 7.8042e-08
319.434 7.73634e-08
319.499 7.74835e-08
319.564 7.9782e-08
319.629 8.4732e-08
319.694 8.99847e-08
319.758 9.66424e-08
319.823 9.84261e-08
319.888 9.70297e-08
319.953 9.59229e-08
320.018 1.01318e-07
320.083 1.04878e-07
320.148 1.00894e-07
320.213 9.98021e-08
320.278 1.04337e-07
320.343 1.14927e-07
320.408 1.19036e-07
320.473 1.21451e-07
320.538 1.26084e-07
320.603 1.331e-07
320.668 1.366e-07
320.732 1.33605e-07
320.797 1.28176e-07
320.862 1.29078e-07
320.927 1.24104e-07
320.992 1.19288e-07
321.057 1.10906e-07
321.122 1.05312e-07
321.187 1.03583e-07
321.252 9.9303e-08
321.317 9.43758e-08
321.382 9.69241e-08
321.447 9.96858e-08
321.512 1.05216e-07
321.577 1.04009e-07
321.641 1.0583e-07
321.706 1.13882e-07
321.771 1.21839e-07
321.836 1.20571e-07
321.901 1.18762e-07
321.966 1.1967e-07
322.031 1.21071e-07
322.096 1.15143e-07
322.161 1.08563e-07
322.226 1.02859e-07
322.291 1.07574e-07
322.356 1.07958e-07
322.421 1.01709e-07
322.485 9.74463e-08
322.55 9.91643e-08
322.615 9.86715e-08
322.68 9.49225e-08
322.745 8.7314e-08
322.81 8.12173e-08
322.875 8.02658e-08
322.94 8.49883e-08
323.005 8.88606e-08
323.07 9.50177e-08
323.135 1.04395e-07
323.2 1.08379e-07
323.264 1.14066e-07
323.329 1.15695e-07
323.394 1.17323e-07
323.459 1.21248e-07
323.524 1.15155e-07
323.589 1.1352e-07
323.654 1.1843e-07
323.719 1.24017e-07
323.784 1.27047e-07
323.849 1.27915e-07
323.914 1.32032e-07
323.979 1.41791e-07
324.043 1.45061e-07
324.108 1.42944e-07
324.173 1.41588e-07
324.238 1.44668e-07
324.303 1.46365e-07
324.368 1.45834e-07
324.433 1.43263e-07
324.498 1.47184e-07
324.563 1.49055e-07
324.628 1.40463e-07
324.693 1.3767e-07
324.757 1.34305e-07
324.822 1.28198e-07
324.887 1.23666e-07
324.952 1.15084e-07
325.017 1.13357e-07
325.082 1.20235e-07
325.147 1.24022e-07
325.212 1.30458e-07
325.277 1.30075e-07
325.342 1.32026e-07
325.406 1.43936e-07
325.471 1.49611e-07
325.536 1.55243e-07
325.601 1.60434e-07
325.666 1.62998e-07
325.731 1.72144e-07
325.796 1.81776e-07
325.861 1.84318e-07
325.926 1.88244e-07
325.991 1.90808e-07
326.055 1.92479e-07
326.12 1.99139e-07
326.185 2.02137e-07
326.25 1.99613e-07
326.315 1.95396e-07
326.38 1.88876e-07
326.445 1.86477e-07
326.51 1.93548e-07
326.575 1.93794e-07
326.639 1.94419e-07
326.704 1.96042e-07
326.769 2.02827e-07
326.834 2.09314e-07
326.899 2.12692e-07
326.964 2.03297e-07
327.029 1.94806e-07
327.094 1.89288e-07
327.158 1.86379e-07
327.223 1.85437e-07
327.288 1.81297e-07
327.353 1.81214e-07
327.418 1.86998e-07
327.483 1.9092e-07
327.548 1.91429e-07
327.613 1.85733e-07
327.677 1.84312e-07
327.742 1.81096e-07
327.807 1.73165e-07
327.872 1.64379e-07
327.937 1.62108e-07
328.002 1.62555e-07
328.067 1.63243e-07
328.132 1.59066e-07
328.196 1.61191e-07
328.261 1.67168e-07
328.326 1.73844e-07
328.391 1.73634e-07
328.456 1.75164e-07
328.521 1.71303e-07
328.586 1.70066e-07
328.65 1.68882e-07
328.715 1.67217e-07
328.78 1.64993e-07
328.845 1.74076e-07
328.91 1.8209e-07
328.975 1.90317e-07
329.04 2.05836e-07
329.104 2.11541e-07
329.169 2.20375e-07
329.234 2.26161e-07
329.299 2.34378e-07
329.364 2.29856e-07
329.429 2.29939e-07
329.493 2.32045e-07
329.558 2.3475e-07
329.623 2.37499e-07
329.688 2.36342e-07
329.753 2.28523e-07
329.818 2.28797e-07
329.883 2.37452e-07
329.947 2.46543e-07
330.012 2.50094e-07
330.077 2.41956e-07
330.142 2.36505e-07
330.207 2.2921e-07
330.272 2.28274e-07
330.336 2.16508e-07
330.401 2.0275e-07
330.466 1.8882e-07
330.531 1.7918e-07
330.596 1.78507e-07
330.661 1.80391e-07
330.725 1.77651e-07
330.79 1.78281e-07
330.855 1.78196e-07
330.92 1.84037e-07
330.985 1.91575e-07
331.049 1.95633e-07
331.114 1.90762e-07
331.179 1.88794e-07
331.244 1.85395e-07
331.309 1.76794e-07
331.374 1.73047e-07
331.438 1.69077e-07
331.503 1.68597e-07
331.568 1.70126e-07
331.633 1.71486e-07
331.698 1.72693e-07
331.762 1.78944e-07
