2300.49 8.23512e-08
2300.58 8.03436e-08
2300.66 7.04544e-08
2300.74 6.16418e-08
2300.83 6.58234e-08
2300.91 7.30072e-08
2300.99 8.22142e-08
2301.08 8.85171e-08
2301.16 9.34526e-08
2301.25 9.9527e-08
2301.33 1.06311e-07
2301.41 1.09514e-07
2301.5 1.07053e-07
2301.58 1.05544e-07
2301.66 1.06308e-07
2301.75 1.03678e-07
2301.83 1.02971e-07
2301.91 1.05344e-07
2302 1.10717e-07
2302.08 1.01994e-07
2302.17 8.69233e-08
2302.25 8.18161e-08
2302.33 9.15047e-08
2302.42 1.02536e-07
2302.5 1.04579e-07
2302.59 9.55197e-08
2302.67 8.35988e-08
2302.75 7.70595e-08
2302.84 8.31246e-08
2302.92 9.59561e-08
2303.01 1.03996e-07
2303.09 1.03688e-07
2303.17 1.04231e-07
2303.26 1.02991e-07
2303.34 9.76286e-08
2303.43 8.89792e-08
2303.51 7.47493e-08
2303.59 6.21073e-08
2303.68 6.17753e-08
2303.76 6.45839e-08
2303.85 6.38142e-08
2303.93 6.71479e-08
2304.01 8.20436e-08
2304.1 9.70531e-08
2304.18 1.02658e-07
2304.27 9.88467e-08
2304.35 8.16529e-08
2304.44 5.88942e-08
2304.52 5.52728e-08
2304.61 6.89644e-08
2304.69 8.25104e-08
2304.77 8.91512e-08
2304.86 8.74706e-08
2304.94 8.15159e-08
2305.03 8.52264e-08
2305.11 9.96963e-08
2305.2 1.11522e-07
2305.28 1.12431e-07
2305.37 1.02258e-07
2305.45 8.20523e-08
2305.54 7.24181e-08
2305.62 8.1875e-08
2305.7 9.78382e-08
2305.79 1.03592e-07
2305.87 1.05231e-07
2305.96 1.00547e-07
2306.04 9.04835e-08
2306.13 8.99646e-08
2306.21 9.95438e-08
2306.3 1.03851e-07
2306.38 1.03523e-07
2306.47 9.83143e-08
2306.55 8.56821e-08
2306.64 8.14858e-08
2306.72 9.05414e-08
2306.81 1.02453e-07
2306.89 1.03049e-07
2306.98 1.01631e-07
2307.06 1.03984e-07
2307.15 1.08506e-07
2307.23 1.1323e-07
2307.32 1.10581e-07
2307.4 9.66414e-08
2307.49 6.88762e-08
2307.57 4.89814e-08
2307.66 5.30338e-08
2307.74 7.91824e-08
2307.83 9.93021e-08
2307.91 1.07701e-07
2308 1.03916e-07
2308.08 1.00243e-07
2308.17 1.03317e-07
2308.25 1.07413e-07
2308.34 1.06308e-07
2308.42 1.05737e-07
2308.51 1.10165e-07
2308.59 1.155e-07
2308.68 1.13805e-07
2308.77 1.09068e-07
2308.85 1.04404e-07
2308.94 9.92171e-08
2309.02 9.81473e-08
2309.11 1.02443e-07
2309.19 1.10408e-07
2309.28 1.10427e-07
2309.36 9.94259e-08
2309.45 9.07922e-08
2309.53 9.41283e-08
2309.62 1.01913e-07
2309.71 1.02631e-07
2309.79 1.0598e-07
2309.88 1.09474e-07
2309.96 1.03099e-07
2310.05 9.68668e-08
2310.13 1.00436e-07
2310.22 1.10749e-07
2310.31 1.14032e-07
2310.39 1.15721e-07
2310.48 1.18209e-07
2310.56 1.20104e-07
2310.65 1.19732e-07
2310.73 1.19428e-07
2310.82 1.1875e-07
2310.91 1.19474e-07
2310.99 1.20072e-07
2311.08 1.20054e-07
2311.16 1.19886e-07
2311.25 1.18232e-07
2311.34 1.17696e-07
2311.42 1.18912e-07
2311.51 1.18577e-07
2311.59 1.14694e-07
2311.68 1.1175e-07
2311.77 1.12947e-07
2311.85 1.15747e-07
2311.94 1.15425e-07
2312.02 1.12836e-07
2312.11 1.01133e-07
2312.2 8.76068e-08
2312.28 9.18165e-08
2312.37 1.06797e-07
2312.46 1.15364e-07
2312.54 1.17467e-07
2312.63 1.1959e-07
2312.71 1.20161e-07
2312.8 1.20565e-07
2312.89 1.19783e-07
2312.97 1.19603e-07
2313.06 1.18377e-07
2313.15 1.19241e-07
2313.23 1.19636e-07
2313.32 1.20062e-07
2313.4 1.20138e-07
2313.49 1.1975e-07
2313.58 1.17939e-07
2313.66 1.17205e-07
2313.75 1.17148e-07
2313.84 1.1745e-07
2313.92 1.19631e-07
2314.01 1.19652e-07
2314.1 1.18653e-07
2314.18 1.18996e-07
2314.27 1.19548e-07
2314.36 1.19605e-07
2314.44 1.19563e-07
2314.53 1.19875e-07
2314.62 1.18652e-07
2314.7 1.16591e-07
2314.79 1.12754e-07
2314.88 1.1213e-07
2314.96 1.06941e-07
2315.05 1.03076e-07
2315.14 1.0486e-07
2315.22 1.10984e-07
2315.31 1.15289e-07
2315.4 1.15593e-07
2315.48 1.14843e-07
2315.57 1.16024e-07
2315.66 1.1234e-07
2315.75 1.03557e-07
2315.83 9.17125e-08
2315.92 8.14681e-08
2316.01 7.19658e-08
2316.09 6.24664e-08
2316.18 5.73725e-08
2316.27 5.88657e-08
2316.35 6.3845e-08
2316.44 6.45482e-08
2316.53 5.67706e-08
2316.62 4.38419e-08
2316.7 3.66395e-08
2316.79 3.24262e-08
2316.88 2.83411e-08
2316.96 2.17702e-08
2317.05 2.11254e-08
2317.14 2.03444e-08
2317.23 2.28007e-08
2317.31 2.82209e-08
2317.4 4.43118e-08
2317.49 5.96892e-08
2317.57 6.43224e-08
2317.66 5.09997e-08
2317.75 3.77067e-08
2317.84 3.29776e-08
2317.92 3.50124e-08
2318.01 4.01228e-08
2318.1 4.67825e-08
2318.19 5.04829e-08
2318.27 5.23755e-08
2318.36 5.82854e-08
2318.45 5.89392e-08
2318.54 5.13316e-08
2318.62 4.66557e-08
2318.71 5.34667e-08
2318.8 6.45447e-08
2318.89 8.02432e-08
2318.97 8.6301e-08
2319.06 8.40873e-08
2319.15 7.5198e-08
2319.24 7.39671e-08
2319.32 8.02264e-08
2319.41 8.71869e-08
2319.5 8.04071e-08
2319.59 6.72229e-08
2319.68 6.80834e-08
2319.76 7.89196e-08
2319.85 7.8964e-08
2319.94 7.42711e-08
2320.03 8.0811e-08
2320.11 9.10152e-08
2320.2 9.0629e-08
2320.29 8.43404e-08
2320.38 8.22876e-08
2320.47 8.91355e-08
2320.55 9.55769e-08
2320.64 8.88788e-08
2320.73 7.80533e-08
2320.82 7.17665e-08
2320.91 7.57445e-08
2320.99 8.40545e-08
2321.08 9.12192e-08
2321.17 9.3634e-08
2321.26 1.00588e-07
2321.35 1.0333e-07
2321.43 9.39641e-08
2321.52 8.51164e-08
2321.61 8.91834e-08
2321.7 9.42423e-08
2321.79 8.19259e-08
2321.88 5.68503e-08
2321.96 3.60844e-08
2322.05 4.03508e-08
2322.14 6.38368e-08
2322.23 8.71223e-08
2322.32 1.00806e-07
2322.41 1.00409e-07
2322.49 8.52579e-08
2322.58 6.15414e-08
2322.67 4.54412e-08
2322.76 5.19044e-08
2322.85 7.01809e-08
2322.94 8.1103e-08
2323.02 8.0809e-08
2323.11 6.8696e-08
2323.2 5.19774e-08
2323.29 4.68977e-08
2323.38 6.56014e-08
2323.47 8.91095e-08
2323.55 1.00264e-07
2323.64 9.93316e-08
2323.73 9.28478e-08
2323.82 8.05636e-08
2323.91 7.18376e-08
2324 7.77055e-08
2324.09 9.12372e-08
2324.18 9.97967e-08
2324.26 1.03408e-07
2324.35 1.04792e-07
2324.44 1.04307e-07
2324.53 1.04268e-07
2324.62 1.06299e-07
2324.71 1.08974e-07
2324.8 1.06197e-07
2324.89 1.02244e-07
2324.97 1.01916e-07
2325.06 1.02004e-07
2325.15 1.00536e-07
2325.24 9.47976e-08
2325.33 7.97644e-08
2325.42 6.86011e-08
2325.51 6.83951e-08
2325.6 7.39672e-08
2325.69 7.47478e-08
2325.77 8.58053e-08
2325.86 9.95126e-08
2325.95 1.09845e-07
2326.04 1.11033e-07
2326.13 1.08961e-07
2326.22 1.05161e-07
2326.31 9.79054e-08
2326.4 8.38265e-08
2326.49 7.80754e-08
2326.58 8.38089e-08
2326.66 9.43071e-08
2326.75 9.81885e-08
2326.84 9.72902e-08
2326.93 9.8606e-08
2327.02 1.04724e-07
2327.11 1.08771e-07
2327.2 1.10292e-07
2327.29 1.10433e-07
2327.38 1.09258e-07
2327.47 1.07162e-07
2327.56 1.0569e-07
2327.65 1.02779e-07
2327.74 1.01562e-07
2327.83 1.00927e-07
2327.91 1.03256e-07
2328 1.05331e-07
2328.09 1.06635e-07
2328.18 1.06918e-07
2328.27 1.04941e-07
2328.36 9.67355e-08
2328.45 6.93404e-08
2328.54 3.97296e-08
2328.63 3.91741e-08
2328.72 6.70966e-08
2328.81 9.15849e-08
2328.9 9.8036e-08
2328.99 9.4446e-08
2329.08 8.65455e-08
2329.17 8.84397e-08
2329.26 8.85552e-08
2329.35 8.22095e-08
2329.44 8.37488e-08
2329.53 9.11238e-08
2329.62 9.26689e-08
2329.71 9.6872e-08
2329.8 1.0633e-07
2329.89 1.10972e-07
2329.98 1.12017e-07
2330.06 1.11743e-07
2330.15 1.05599e-07
2330.24 1.0216e-07
2330.33 1.04498e-07
2330.42 1.08744e-07
2330.51 1.06118e-07
2330.6 9.89761e-08
2330.69 9.77333e-08
2330.78 9.58758e-08
2330.87 8.24608e-08
2330.96 7.95611e-08
2331.05 8.65487e-08
2331.14 8.74181e-08
2331.23 8.49959e-08
2331.32 9.37315e-08
2331.41 1.02279e-07
2331.5 9.99334e-08
2331.59 8.07329e-08
2331.68 5.8919e-08
2331.77 5.06529e-08
2331.86 6.16375e-08
2331.95 7.57327e-08
2332.04 8.69404e-08
2332.13 8.81337e-08
2332.22 7.88609e-08
2332.32 7.85901e-08
2332.41 8.98446e-08
2332.5 9.86433e-08
2332.59 9.72907e-08
2332.68 9.37873e-08
2332.77 8.94638e-08
2332.86 8.52441e-08
2332.95 8.8181e-08
2333.04 9.98353e-08
2333.13 1.07261e-07
2333.22 1.08483e-07
2333.31 1.07994e-07
2333.4 1.06794e-07
2333.49 1.04029e-07
2333.58 9.83992e-08
2333.67 9.50553e-08
2333.76 9.38259e-08
2333.85 9.39294e-08
2333.94 7.9906e-08
2334.03 6.97057e-08
2334.12 7.77492e-08
2334.21 9.45095e-08
2334.3 9.88038e-08
2334.39 9.30321e-08
2334.49 8.59394e-08
2334.58 8.78435e-08
2334.67 9.42461e-08
2334.76 9.01351e-08
2334.85 7.28243e-08
2334.94 6.26782e-08
2335.03 6.37308e-08
2335.12 6.66115e-08
2335.21 7.07978e-08
2335.3 8.24352e-08
2335.39 9.25013e-08
2335.48 9.22308e-08
2335.57 9.16807e-08
2335.66 9.7794e-08
2335.76 1.02409e-07
2335.85 9.71616e-08
2335.94 8.20881e-08
2336.03 6.61618e-08
2336.12 5.95185e-08
2336.21 6.5918e-08
2336.3 7.92708e-08
2336.39 9.26338e-08
2336.48 1.00028e-07
2336.57 9.80578e-08
2336.66 9.40728e-08
2336.76 9.28753e-08
2336.85 8.96333e-08
2336.94 9.00911e-08
2337.03 9.66557e-08
2337.12 1.03776e-07
2337.21 1.03628e-07
2337.3 1.01905e-07
2337.39 9.5161e-08
2337.48 9.40899e-08
2337.58 9.76177e-08
2337.67 1.0069e-07
2337.76 9.92961e-08
2337.85 9.69803e-08
2337.94 9.34466e-08
2338.03 9.21126e-08
2338.12 8.06616e-08
2338.21 5.95106e-08
2338.3 4.76289e-08
2338.4 5.58474e-08
2338.49 6.79104e-08
2338.58 6.39741e-08
2338.67 5.86999e-08
2338.76 5.7752e-08
2338.85 5.25762e-08
2338.94 5.34502e-08
2339.04 6.59777e-08
2339.13 7.793e-08
2339.22 8.66417e-08
2339.31 9.51231e-08
2339.4 9.33976e-08
2339.49 8.09274e-08
2339.58 6.96958e-08
2339.68 7.03714e-08
2339.77 7.06366e-08
2339.86 5.98101e-08
2339.95 3.97472e-08
2340.04 3.09241e-08
2340.13 3.33922e-08
2340.23 4.33574e-08
2340.32 4.1007e-08
2340.41 3.50245e-08
2340.5 5.0331e-08
2340.59 7.54683e-08
2340.68 8.34504e-08
2340.78 7.86944e-08
2340.87 7.22281e-08
2340.96 6.60088e-08
2341.05 5.22632e-08
2341.14 3.94622e-08
2341.23 4.22551e-08
2341.33 4.90986e-08
2341.42 4.97824e-08
2341.51 5.24621e-08
2341.6 6.41437e-08
2341.69 7.51155e-08
2341.79 8.37492e-08
2341.88 8.37972e-08
2341.97 6.32307e-08
2342.06 3.72906e-08
2342.15 4.27541e-08
2342.24 7.36257e-08
2342.34 9.23457e-08
2342.43 8.73826e-08
2342.52 7.48273e-08
2342.61 7.84954e-08
