267.25 1.06754e-10
267.315 1.27793e-10
267.38 1.05741e-10
267.445 1.0344e-10
267.51 1.01203e-10
267.575 1.34709e-10
267.64 1.26219e-10
267.705 1.28376e-10
267.77 1.10708e-10
267.835 1.03646e-10
267.9 9.75022e-11
267.965 1.00579e-10
268.03 8.92324e-11
268.095 1.11693e-10
268.16 8.85464e-11
268.225 1.08967e-10
268.29 1.33677e-10
268.355 1.17045e-10
268.42 1.02217e-10
268.485 1.06856e-10
268.55 1.14668e-10
268.615 1.02233e-10
268.681 1.20686e-10
268.746 1.2905e-10
268.811 1.21721e-10
268.876 1.1163e-10
268.941 9.62942e-11
269.006 9.89486e-11
269.071 9.77756e-11
269.136 1.03813e-10
269.201 9.40636e-11
269.266 1.11286e-10
269.331 1.15747e-10
269.396 8.36266e-11
269.461 1.13603e-10
269.526 7.85733e-11
269.591 8.45019e-11
269.656 1.09756e-10
269.721 8.72363e-11
269.786 9.03988e-11
269.851 9.68251e-11
269.916 1.04721e-10
269.981 1.08141e-10
270.046 1.20248e-10
270.111 1.215e-10
270.176 1.37139e-10
270.241 1.34509e-10
270.306 1.52669e-10
270.371 1.35968e-10
270.436 1.45916e-10
270.502 1.25984e-10
270.567 1.21317e-10
270.632 1.44911e-10
270.697 1.35472e-10
270.762 1.32016e-10
270.827 1.39211e-10
270.892 9.71269e-11
270.957 1.19064e-10
271.022 1.26649e-10
271.087 1.31477e-10
271.152 1.34831e-10
271.217 1.29244e-10
271.282 1.25294e-10
271.347 1.1324e-10
271.412 1.22542e-10
271.477 1.03344e-10
271.542 1.45954e-10
271.607 1.07073e-10
271.672 1.04857e-10
271.737 9.76837e-11
271.802 8.74591e-11
271.868 8.34267e-11
271.933 6.77887e-11
271.998 9.74198e-11
272.063 8.22932e-11
272.128 9.43306e-11
272.193 7.80853e-11
272.258 9.72061e-11
272.323 8.01476e-11
272.388 1.01234e-10
272.453 1.02717e-10
272.518 1.10651e-10
272.583 1.03837e-10
272.648 8.8166e-11
272.713 9.99816e-11
272.778 1.03614e-10
272.843 1.3631e-10
272.908 1.26157e-10
272.973 1.27591e-10
273.039 1.23339e-10
273.104 1.43068e-10
273.169 1.38749e-10
273.234 1.20495e-10
273.299 8.46198e-11
273.364 9.75373e-11
273.429 1.07126e-10
273.494 9.81066e-11
273.559 9.04511e-11
273.624 6.54909e-11
273.689 9.11231e-11
273.754 8.38256e-11
273.819 6.44806e-11
273.884 7.6441e-11
273.949 6.70552e-11
274.014 7.85727e-11
274.079 8.30397e-11
274.145 6.66299e-11
274.21 5.88804e-11
274.275 5.41412e-11
274.34 7.00526e-11
274.405 7.50886e-11
274.47 7.21785e-11
274.535 6.04161e-11
274.6 6.89505e-11
274.665 7.16413e-11
274.73 7.31207e-11
274.795 8.0679e-11
274.86 6.33032e-11
274.925 7.89313e-11
274.99 6.89589e-11
275.055 7.16953e-11
275.12 7.81517e-11
275.185 9.54036e-11
275.251 1.03127e-10
275.316 1.20061e-10
275.381 9.3214e-11
275.446 9.93677e-11
275.511 9.17708e-11
275.576 7.73184e-11
275.641 6.28452e-11
275.706 9.34154e-11
275.771 1.13696e-10
275.836 1.07916e-10
275.901 1.24689e-10
275.966 1.3699e-10
276.031 1.3726e-10
276.096 1.33093e-10
276.161 1.19227e-10
276.226 1.23051e-10
276.292 1.39336e-10
276.357 1.53639e-10
276.422 1.36756e-10
276.487 1.6189e-10
276.552 1.42996e-10
276.617 1.57664e-10
276.682 1.64496e-10
276.747 1.34286e-10
276.812 1.30058e-10
276.877 1.40209e-10
276.942 1.24821e-10
277.007 1.34914e-10
277.072 1.44974e-10
277.137 1.40231e-10
277.202 1.22793e-10
277.267 1.52469e-10
277.333 1.34703e-10
277.398 1.5118e-10
277.463 1.36336e-10
277.528 1.16742e-10
277.593 1.32456e-10
277.658 1.22315e-10
277.723 1.46155e-10
277.788 1.26616e-10
277.853 9.4934e-11
277.918 1.08041e-10
277.983 7.81571e-11
278.048 1.03736e-10
278.113 7.95103e-11
278.178 1.06789e-10
278.243 8.61828e-11
278.308 9.2394e-11
278.373 1.00242e-10
278.439 9.8872e-11
278.504 1.03125e-10
278.569 9.65117e-11
278.634 8.52893e-11
278.699 9.64146e-11
278.764 8.65116e-11
278.829 8.33254e-11
278.894 8.75618e-11
278.959 7.60563e-11
279.024 7.96883e-11
279.089 7.86767e-11
279.154 6.24664e-11
279.219 5.83438e-11
279.284 3.69673e-11
279.349 4.31959e-11
279.414 5.2828e-11
279.479 2.52665e-11
279.544 4.05503e-11
279.61 3.45326e-11
279.675 2.83422e-11
279.74 2.88395e-11
279.805 4.54424e-11
279.87 3.36002e-11
279.935 3.96362e-11
280 1.7662e-11
280.065 3.08672e-11
280.13 3.49242e-11
280.195 3.71324e-11
280.26 5.79428e-11
280.325 4.52681e-11
280.39 4.42807e-11
280.455 2.30529e-11
280.52 4.76147e-11
280.585 4.65605e-11
280.65 6.60684e-11
280.715 5.59049e-11
280.78 6.6924e-11
280.846 1.0448e-10
280.911 7.53144e-11
280.976 1.0754e-10
281.041 7.79758e-11
281.106 1.04598e-10
281.171 1.01773e-10
281.236 1.02867e-10
281.301 1.16204e-10
281.366 1.12321e-10
281.431 1.35737e-10
281.496 1.26612e-10
281.561 1.28188e-10
281.626 1.48722e-10
281.691 1.52773e-10
281.756 1.73429e-10
281.821 1.65401e-10
281.886 1.65338e-10
281.951 1.91062e-10
282.016 1.63739e-10
282.081 1.67529e-10
282.146 1.76488e-10
282.212 1.82208e-10
282.277 1.94334e-10
282.342 1.85559e-10
282.407 1.82295e-10
282.472 2.04101e-10
282.537 1.89256e-10
282.602 2.00219e-10
282.667 2.03145e-10
282.732 2.01278e-10
282.797 1.96534e-10
282.862 2.23746e-10
282.927 1.95004e-10
282.992 2.37697e-10
283.057 2.23207e-10
283.122 2.33364e-10
283.187 2.19642e-10
283.252 2.42267e-10
283.317 2.52844e-10
283.382 2.14382e-10
283.447 1.90646e-10
283.512 1.99982e-10
283.577 1.97418e-10
283.642 2.29056e-10
283.707 2.13345e-10
283.772 2.41288e-10
283.837 2.13915e-10
283.903 2.12385e-10
283.968 2.31687e-10
284.033 2.41976e-10
284.098 2.38527e-10
284.163 2.05478e-10
284.228 1.89899e-10
284.293 1.97461e-10
284.358 1.937e-10
284.423 1.865e-10
284.488 1.94405e-10
284.553 1.60892e-10
284.618 1.89094e-10
284.683 1.4218e-10
284.748 1.4947e-10
284.813 1.40517e-10
284.878 1.30837e-10
284.943 9.61208e-11
285.008 1.01412e-10
285.073 7.22715e-11
285.138 4.79327e-11
285.203 6.66905e-11
285.268 4.93882e-11
285.333 5.72345e-11
285.398 6.48562e-11
285.463 8.92676e-11
285.528 9.1095e-11
285.593 1.03553e-10
285.658 1.04074e-10
285.723 1.26023e-10
285.788 1.53869e-10
285.853 1.62337e-10
285.918 1.97436e-10
285.983 1.71673e-10
286.048 2.26751e-10
286.114 2.43482e-10
286.179 2.47059e-10
286.244 2.59564e-10
286.309 2.61063e-10
286.374 2.69544e-10
286.439 2.82859e-10
286.504 2.63004e-10
286.569 2.73457e-10
286.634 2.89335e-10
286.699 2.78915e-10
286.764 2.52069e-10
286.829 2.68076e-10
286.894 2.47383e-10
286.959 2.70426e-10
287.024 2.91819e-10
287.089 3.2816e-10
287.154 3.02058e-10
287.219 3.40177e-10
287.284 3.16647e-10
287.349 3.4454e-10
287.414 3.38827e-10
287.479 3.08003e-10
287.544 2.93079e-10
287.609 2.92577e-10
287.674 2.92416e-10
287.739 3.18433e-10
287.804 2.83256e-10
287.869 2.6538e-10
287.934 2.46846e-10
287.999 2.19339e-10
288.064 1.7287e-10
288.129 1.62377e-10
288.194 1.57623e-10
288.259 1.94224e-10
288.324 1.90915e-10
288.389 2.07025e-10
288.454 2.74255e-10
288.519 3.05663e-10
288.584 3.24255e-10
288.649 3.61369e-10
288.714 3.60517e-10
288.779 3.82214e-10
288.844 3.65284e-10
288.909 3.83819e-10
288.974 3.79242e-10
289.039 3.77961e-10
289.104 4.04892e-10
289.169 3.72125e-10
289.234 4.07337e-10
289.299 4.02964e-10
289.364 3.99487e-10
289.429 4.27016e-10
289.494 4.48357e-10
289.559 4.50897e-10
289.624 5.05962e-10
289.689 4.92728e-10
289.754 5.14458e-10
289.819 5.4764e-10
289.884 5.52985e-10
289.949 5.80706e-10
290.014 6.05498e-10
290.079 6.01364e-10
290.144 6.22867e-10
290.209 6.29087e-10
290.274 6.32198e-10
290.339 6.52817e-10
290.404 6.57983e-10
290.469 6.69898e-10
290.534 6.65502e-10
290.599 6.92875e-10
290.664 6.44168e-10
290.729 6.68469e-10
290.794 6.07968e-10
290.859 6.27973e-10
290.924 5.90607e-10
290.989 6.00776e-10
291.054 6.04636e-10
291.119 6.61038e-10
291.184 6.69333e-10
291.249 6.85414e-10
291.314 7.06653e-10
291.379 6.69246e-10
291.444 6.70212e-10
291.509 6.6511e-10
291.574 6.96676e-10
291.639 6.1196e-10
291.704 6.11572e-10
291.769 6.15983e-10
291.834 6.21945e-10
291.899 6.48615e-10
291.964 6.32401e-10
292.029 6.45773e-10
292.094 6.56529e-10
292.159 6.74177e-10
292.224 6.6514e-10
292.289 6.35571e-10
292.354 6.38576e-10
292.419 5.8408e-10
292.484 5.97689e-10
292.549 5.59477e-10
292.614 5.58959e-10
292.679 5.79679e-10
292.744 5.46328e-10
292.809 5.30398e-10
292.874 5.58347e-10
292.939 6.16155e-10
293.004 6.56975e-10
293.069 7.02331e-10
293.134 7.19969e-10
293.199 7.52912e-10
293.264 7.96224e-10
293.329 7.98288e-10
293.394 8.12883e-10
293.459 8.4073e-10
293.524 7.60529e-10
293.589 6.56561e-10
293.654 6.78772e-10
293.719 6.48373e-10
293.784 6.36898e-10
293.849 5.80647e-10
293.914 5.71686e-10
293.979 6.06982e-10
294.044 6.17412e-10
294.109 6.45021e-10
294.174 6.89413e-10
294.239 7.42478e-10
294.304 7.30909e-10
294.369 6.98928e-10
294.434 7.3021e-10
294.498 8.21866e-10
294.563 8.00846e-10
294.628 7.43823e-10
294.693 6.72903e-10
294.758 6.472e-10
294.823 6.42504e-10
294.888 6.41362e-10
294.953 6.17899e-10
295.018 6.35748e-10
295.083 7.09045e-10
295.148 8.14112e-10
295.213 8.74168e-10
295.278 8.28411e-10
295.343 8.54676e-10
295.408 8.64919e-10
295.473 8.95985e-10
295.538 8.53834e-10
295.603 7.73763e-10
295.668 8.31956e-10
295.733 9.15211e-10
295.798 9.54986e-10
295.863 9.08573e-10
295.928 8.81622e-10
295.993 9.0153e-10
296.058 9.43214e-10
296.123 9.95844e-10
296.188 1.01769e-09
296.253 1.01084e-09
296.318 1.01664e-09
296.383 9.97509e-10
296.448 9.32725e-10
296.513 8.44058e-10
296.578 7.36924e-10
296.643 6.6923e-10
296.708 6.24517e-10
296.773 6.39293e-10
296.837 6.18207e-10
296.902 6.13771e-10
296.967 6.43949e-10
297.032 7.43598e-10
297.097 7.97587e-10
297.162 7.08039e-10
297.227 7.33073e-10
297.292 7.55009e-10
297.357 8.67073e-10
297.422 9.0642e-10
297.487 9.12832e-10
297.552 9.92901e-10
297.617 1.13495e-09
297.682 1.26645e-09
297.747 1.29216e-09
297.812 1.2678e-09
297.877 1.24079e-09
297.942 1.25538e-09
298.007 1.17876e-09
298.072 9.9921e-10
298.137 9.22858e-10
298.202 8.399e-10
298.267 7.79276e-10
298.332 6.92898e-10
298.397 6.3812e-10
298.462 6.76708e-10
298.527 7.09068e-10
298.592 6.76176e-10
298.657 6.82686e-10
298.721 7.81505e-10
298.786 8.58476e-10
298.851 9.7277e-10
298.916 1.09546e-09
298.981 1.15624e-09
299.046 1.23562e-09
299.111 1.28158e-09
299.176 1.28368e-09
299.241 1.28644e-09
299.306 1.18998e-09
299.371 1.04763e-09
299.436 9.95688e-10
299.501 1.05708e-09
299.56 1.00529e-09
299.625 1.05695e-09
299.69 1.22459e-09
299.755 1.39345e-09
299.82 1.28306e-09
299.885 1.18533e-09
299.95 1.05748e-09
300.015 8.69201e-10
300.08 7.77719e-10
300.145 7.41076e-10
300.21 6.77087e-10
300.275 8.03696e-10
300.34 8.91061e-10
300.405 9.83869e-10
300.47 1.05116e-09
300.535 1.15042e-09
300.6 1.16038e-09
300.665 1.16523e-09
300.729 1.16582e-09
300.794 1.19183e-09
300.859 1.06838e-09
300.924 1.22723e-09
300.989 1.16756e-09
301.054 1.20102e-09
301.119 1.25481e-09
301.184 1.4578e-09
301.249 1.58372e-09
301.314 1.40365e-09
301.379 1.55853e-09
301.444 1.55575e-09
301.509 1.66785e-09
301.574 1.85454e-09
301.639 1.51561e-09
301.704 1.45932e-09
301.769 1.53207e-09
301.834 1.41589e-09
301.899 1.12005e-09
301.964 1.01839e-09
302.029 9.26287e-10
302.094 9.97418e-10
302.158 1.05372e-09
302.223 1.19029e-09
302.288 1.32312e-09
302.353 1.4897e-09
302.418 1.77912e-09
302.483 1.88921e-09
302.548 1.78009e-09
302.613 1.98959e-09
302.678 2.09202e-09
302.743 2.32562e-09
302.808 2.3125e-09
302.873 2.46674e-09
302.938 2.84385e-09
303.003 2.79464e-09
303.068 2.5636e-09
303.133 2.64311e-09
303.198 2.85873e-09
303.263 2.87563e-09
303.328 3.18156e-09
303.393 3.23765e-09
303.457 3.61658e-09
303.522 3.63288e-09
303.587 3.39392e-09
303.652 2.86917e-09
303.717 2.97534e-09
303.782 2.88336e-09
303.847 2.8332e-09
303.912 2.61118e-09
303.977 2.46362e-09
304.042 2.56896e-09
304.107 2.84096e-09
304.172 3.05196e-09
304.237 3.11124e-09
304.302 3.04309e-09
304.367 3.246e-09
304.432 3.6461e-09
304.497 3.90437e-09
304.562 4.09702e-09
304.627 3.82189e-09
304.692 3.58274e-09
304.756 3.6721e-09
304.821 3.94319e-09
304.886 4.03557e-09
304.951 3.69934e-09
305.016 4.14649e-09
305.081 5.22033e-09
305.146 5.85369e-09
305.211 5.86283e-09
305.276 5.82101e-09
305.341 5.72481e-09
305.406 5.9607e-09
305.471 5.86305e-09
305.536 5.83793e-09
305.601 5.07169e-09
305.666 4.57499e-09
305.731 4.59542e-09
305.796 4.15253e-09
305.861 4.12895e-09
305.926 3.94201e-09
305.99 4.11351e-09
306.055 4.64578e-09
306.12 5.34871e-09
306.185 5.59381e-09
306.25 6.07152e-09
306.315 6.32756e-09
306.38 6.16788e-09
306.445 6.20691e-09
306.51 5.88567e-09
306.575 5.72381e-09
306.64 5.34836e-09
306.705 5.53839e-09
306.77 5.98478e-09
306.835 6.70308e-09
306.9 6.86424e-09
306.965 7.76353e-09
307.03 8.4615e-09
307.095 9.14625e-09
307.16 9.41656e-09
307.224 1.00057e-08
307.289 1.01451e-08
307.354 1.04544e-08
307.419 9.98266e-09
307.484 9.95131e-09
307.549 1.06169e-08
307.614 1.13712e-08
307.679 1.12264e-08
307.744 1.08766e-08
307.809 1.12461e-08
307.874 1.1979e-08
307.939 1.24896e-08
308.004 1.20017e-08
308.069 1.1061e-08
308.134 1.11731e-08
308.199 1.11559e-08
308.264 1.08275e-08
308.329 1.15857e-08
308.393 1.21431e-08
308.458 1.32931e-08
308.523 1.40073e-08
308.588 1.4277e-08
308.653 1.43934e-08
308.718 1.44108e-08
308.783 1.36281e-08
308.848 1.32434e-08
308.913 1.27356e-08
308.978 1.22507e-08
309.043 1.20363e-08
309.108 1.18785e-08
309.173 1.11056e-08
309.238 1.04961e-08
309.303 1.09728e-08
309.368 1.17692e-08
309.433 1.34491e-08
309.498 1.42406e-08
309.563 1.42346e-08
309.627 1.52783e-08
309.692 1.67496e-08
309.757 1.77776e-08
309.822 1.68172e-08
309.887 1.51445e-08
309.952 1.41053e-08
310.017 1.40176e-08
310.082 1.37899e-08
310.147 1.38436e-08
310.212 1.44027e-08
310.277 1.59042e-08
310.342 1.85195e-08
310.407 2.07997e-08
310.472 2.29189e-08
310.537 2.5847e-08
310.602 2.70218e-08
310.667 2.81595e-08
310.732 2.98939e-08
310.796 3.02408e-08
310.861 3.14573e-08
310.926 3.12621e-08
310.991 3.14867e-08
311.056 3.21694e-08
311.121 3.23975e-08
311.186 3.23085e-08
311.251 3.14004e-08
311.316 3.10073e-08
311.381 3.17628e-08
311.446 3.25969e-08
311.511 3.23171e-08
311.576 3.11934e-08
311.641 3.04622e-08
311.706 3.08808e-08
311.771 3.13451e-08
311.836 3.08467e-08
311.901 2.96617e-08
311.965 3.01042e-08
312.03 3.05768e-08
312.095 3.05762e-08
312.16 3.15931e-08
312.225 3.33717e-08
312.29 3.66563e-08
312.355 3.79577e-08
312.42 3.80462e-08
312.485 3.87659e-08
312.55 4.04154e-08
312.615 4.12922e-08
312.68 4.17463e-08
312.745 4.05081e-08
312.81 4.10374e-08
312.875 4.35953e-08
312.94 4.38365e-08
313.005 4.4468e-08
313.07 4.40593e-08
313.134 4.3279e-08
313.199 4.34085e-08
313.264 4.24598e-08
313.329 3.96427e-08
313.394 4.10645e-08
313.459 4.01091e-08
313.524 3.94413e-08
313.589 4.00927e-08
313.654 4.18968e-08
313.719 4.49271e-08
313.784 4.84349e-08
313.849 4.98603e-08
313.914 5.16626e-08
313.979 5.4971e-08
314.044 5.80162e-08
314.109 5.87806e-08
314.174 5.79483e-08
314.239 5.37842e-08
314.303 4.91796e-08
314.368 4.62636e-08
314.433 4.51518e-08
314.498 4.39106e-08
314.563 4.37125e-08
314.628 4.36472e-08
314.693 4.78811e-08
314.758 5.60522e-08
314.823 6.18951e-08
314.888 6.32067e-08
314.953 6.43836e-08
315.018 6.56034e-08
315.083 6.73417e-08
315.148 6.82914e-08
315.213 6.71157e-08
315.278 6.47243e-08
315.343 6.32398e-08
315.408 6.16054e-08
315.472 5.93447e-08
315.537 5.72578e-08
315.602 5.30584e-08
315.667 4.89725e-08
315.732 4.54816e-08
315.797 4.3651e-08
315.862 4.26321e-08
315.927 4.15087e-08
315.992 4.01929e-08
316.057 4.22178e-08
316.122 4.55146e-08
316.187 5.03074e-08
316.252 5.623e-08
316.317 5.87724e-08
316.382 6.17818e-08
316.447 6.64776e-08
316.512 6.88614e-08
316.576 7.26977e-08
316.641 7.55422e-08
316.706 7.45444e-08
316.771 7.52653e-08
316.836 7.71974e-08
316.901 7.83492e-08
316.966 8.3319e-08
317.031 8.48752e-08
317.096 8.49109e-08
317.161 9.04782e-08
317.226 9.37503e-08
317.291 9.66275e-08
317.356 9.51465e-08
317.421 9.27761e-08
317.486 9.16863e-08
317.551 9.22184e-08
317.616 8.97606e-08
317.68 8.71016e-08
317.745 8.32958e-08
317.81 7.83153e-08
317.875 7.59113e-08
317.94 7.18963e-08
318.005 6.59942e-08
318.07 6.19271e-08
318.135 6.24038e-08
318.2 6.21955e-08
318.265 6.69254e-08
318.33 7.06471e-08
318.395 7.41136e-08
318.46 8.04719e-08
318.525 8.54402e-08
318.59 8.84914e-08
318.655 9.38241e-08
318.719 9.58815e-08
318.784 1.03174e-07
318.849 1.11704e-07
318.914 1.13277e-07
318.979 1.13743e-07
319.044 1.12267e-07
319.109 1.05925e-07
319.174 9.99865e-08
319.239 9.18087e-08
319.304 8.25756e-08
319.369 7.8042e-08
319.434 7.73634e-08
319.499 7.74835e-08
319.564 7.9782e-08
319.629 8.4732e-08
319.694 8.99847e-08
319.758 9.66424e-08
319.823 9.84261e-08
319.888 9.70297e-08
319.953 9.59229e-08
320.018 1.01318e-07
320.083 1.04878e-07
320.148 1.00894e-07
320.213 9.98021e-08
320.278 1.04337e-07
320.343 1.14927e-07
320.408 1.19036e-07
320.473 1.21451e-07
320.538 1.26084e-07
320.603 1.331e-07
320.668 1.366e-07
320.732 1.33605e-07
320.797 1.28176e-07
320.862 1.29078e-07
320.927 1.24104e-07
320.992 1.19288e-07
321.057 1.10906e-07
321.122 1.05312e-07
321.187 1.03583e-07
321.252 9.9303e-08
321.317 9.43758e-08
321.382 9.69241e-08
321.447 9.96858e-08
321.512 1.05216e-07
321.577 1.04009e-07
321.641 1.0583e-07
321.706 1.13882e-07
321.771 1.21839e-07
321.836 1.20571e-07
321.901 1.18762e-07
321.966 1.1967e-07
322.031 1.21071e-07
322.096 1.15143e-07
322.161 1.08563e-07
322.226 1.02859e-07
322.291 1.07574e-07
322.356 1.07958e-07
322.421 1.01709e-07
322.485 9.74463e-08
322.55 9.91643e-08
322.615 9.86715e-08
322.68 9.49225e-08
322.745 8.7314e-08
322.81 8.12173e-08
322.875 8.02658e-08
322.94 8.49883e-08
323.005 8.88606e-08
323.07 9.50177e-08
323.135 1.04395e-07
323.2 1.08379e-07
323.264 1.14066e-07
323.329 1.15695e-07
323.394 1.17323e-07
323.459 1.21248e-07
323.524 1.15155e-07
323.589 1.1352e-07
323.654 1.1843e-07
323.719 1.24017e-07
323.784 1.27047e-07
323.849 1.27915e-07
323.914 1.32032e-07
323.979 1.41791e-07
324.043 1.45061e-07
324.108 1.42944e-07
324.173 1.41588e-07
324.238 1.44668e-07
324.303 1.46365e-07
324.368 1.45834e-07
324.433 1.43263e-07
324.498 1.47184e-07
324.563 1.49055e-07
324.628 1.40463e-07
324.693 1.3767e-07
324.757 1.34305e-07
324.822 1.28198e-07
324.887 1.23666e-07
324.952 1.15084e-07
325.017 1.13357e-07
325.082 1.20235e-07
325.147 1.24022e-07
325.212 1.30458e-07
325.277 1.30075e-07
325.342 1.32026e-07
325.406 1.43936e-07
325.471 1.49611e-07
325.536 1.55243e-07
325.601 1.60434e-07
325.666 1.62998e-07
325.731 1.72144e-07
325.796 1.81776e-07
325.861 1.84318e-07
325.926 1.88244e-07
325.991 1.90808e-07
326.055 1.92479e-07
326.12 1.99139e-07
326.185 2.02137e-07
326.25 1.99613e-07
326.315 1.95396e-07
326.38 1.88876e-07
326.445 1.86477e-07
326.51 1.93548e-07
326.575 1.93794e-07
326.639 1.94419e-07
326.704 1.96042e-07
326.769 2.02827e-07
326.834 2.09314e-07
326.899 2.12692e-07
326.964 2.03297e-07
327.029 1.94806e-07
327.094 1.89288e-07
327.158 1.86379e-07
327.223 1.85437e-07
327.288 1.81297e-07
327.353 1.81214e-07
327.418 1.86998e-07
327.483 1.9092e-07
327.548 1.91429e-07
327.613 1.85733e-07
327.677 1.84312e-07
327.742 1.81096e-07
327.807 1.73165e-07
327.872 1.64379e-07
327.937 1.62108e-07
328.002 1.62555e-07
328.067 1.63243e-07
328.132 1.59066e-07
328.196 1.61191e-07
328.261 1.67168e-07
328.326 1.73844e-07
328.391 1.73634e-07
328.456 1.75164e-07
328.521 1.71303e-07
328.586 1.70066e-07
328.65 1.68882e-07
328.715 1.67217e-07
328.78 1.64993e-07
328.845 1.74076e-07
328.91 1.8209e-07
328.975 1.90317e-07
329.04 2.05836e-07
329.104 2.11541e-07
329.169 2.20375e-07
329.234 2.26161e-07
329.299 2.34378e-07
329.364 2.29856e-07
329.429 2.29939e-07
329.493 2.32045e-07
329.558 2.3475e-07
329.623 2.37499e-07
329.688 2.36342e-07
329.753 2.28523e-07
329.818 2.28797e-07
329.883 2.37452e-07
329.947 2.46543e-07
330.012 2.50094e-07
330.077 2.41956e-07
330.142 2.36505e-07
330.207 2.2921e-07
330.272 2.28274e-07
330.336 2.16508e-07
330.401 2.0275e-07
330.466 1.8882e-07
330.531 1.7918e-07
330.596 1.78507e-07
330.661 1.80391e-07
330.725 1.77651e-07
330.79 1.78281e-07
330.855 1.78196e-07
330.92 1.84037e-07
330.985 1.91575e-07
331.049 1.95633e-07
331.114 1.90762e-07
331.179 1.88794e-07
331.244 1.85395e-07
331.309 1.76794e-07
331.374 1.73047e-07
331.438 1.69077e-07
331.503 1.68597e-07
331.568 1.70126e-07
331.633 1.71486e-07
331.698 1.72693e-07
331.762 1.78944e-07
303.374 1.81522e-09
303.565 1.87789e-09
303.756 1.73635e-09
303.947 1.71698e-09
304.138 1.83533e-09
304.33 1.96245e-09
304.521 2.20707e-09
304.712 2.33211e-09
304.903 2.52163e-09
305.094 2.75992e-09
305.285 3.22464e-09
305.476 2.98977e-09
305.667 2.69455e-09
305.858 2.76571e-09
306.049 2.94003e-09
306.24 3.14388e-09
306.431 3.26189e-09
306.622 3.38586e-09
306.812 3.83068e-09
307.003 4.73168e-09
307.194 5.38814e-09
307.385 6.08533e-09
307.576 6.11777e-09
307.767 6.75672e-09
307.958 7.22501e-09
308.149 7.56918e-09
308.34 8.25888e-09
308.531 9.09017e-09
308.722 1.0029e-08
308.912 9.83943e-09
309.103 9.73683e-09
309.294 1.02815e-08
309.485 1.20695e-08
309.676 1.35437e-08
309.867 1.4111e-08
310.058 1.37537e-08
310.248 1.61589e-08
310.439 2.03049e-08
310.63 2.46907e-08
310.821 2.74127e-08
311.012 2.84296e-08
311.203 2.8819e-08
311.393 2.86049e-08
311.584 2.85699e-08
311.775 2.80512e-08
311.966 2.8421e-08
312.156 3.03701e-08
312.347 3.35864e-08
312.538 3.57647e-08
312.729 3.79337e-08
312.92 3.8664e-08
313.11 3.87879e-08
313.301 3.7672e-08
313.492 3.79854e-08
313.683 4.09358e-08
313.873 4.62112e-08
314.064 4.81614e-08
314.255 4.57624e-08
314.446 4.25437e-08
314.636 4.58313e-08
314.827 5.22894e-08
315.018 5.71455e-08
315.209 5.7592e-08
315.399 5.34769e-08
315.59 4.74308e-08
315.781 4.16177e-08
315.971 4.13752e-08
316.162 4.68356e-08
316.353 5.5907e-08
316.544 6.32227e-08
316.734 6.86402e-08
316.925 7.32913e-08
317.116 7.92414e-08
317.306 8.21424e-08
317.497 8.06524e-08
317.688 7.48805e-08
317.879 6.63111e-08
318.069 6.12098e-08
318.26 6.36688e-08
318.451 7.31557e-08
318.641 8.43351e-08
318.832 9.40496e-08
319.023 9.36241e-08
319.213 8.33486e-08
319.404 7.60229e-08
319.595 7.78025e-08
319.785 8.53145e-08
319.976 8.95144e-08
320.167 9.58971e-08
320.358 1.0431e-07
320.548 1.13629e-07
320.739 1.15774e-07
320.93 1.07408e-07
321.12 9.75401e-08
321.311 9.18067e-08
321.502 9.55257e-08
321.692 1.02842e-07
321.883 1.07791e-07
322.074 1.03804e-07
322.265 9.84463e-08
322.455 9.309e-08
322.646 8.60108e-08
322.837 8.23179e-08
323.027 8.85947e-08
323.218 9.97776e-08
323.409 1.06306e-07
323.599 1.10718e-07
323.79 1.17709e-07
323.981 1.25711e-07
324.172 1.30654e-07
324.362 1.31599e-07
324.553 1.29207e-07
324.744 1.19911e-07
324.934 1.1358e-07
325.125 1.14793e-07
325.316 1.26043e-07
325.507 1.40674e-07
325.697 1.54945e-07
325.888 1.69101e-07
326.079 1.75973e-07
326.269 1.75934e-07
326.46 1.73511e-07
326.651 1.7949e-07
326.842 1.82393e-07
327.032 1.76098e-07
327.223 1.68495e-07
327.414 1.68218e-07
327.605 1.66368e-07
327.795 1.57529e-07
327.986 1.5025e-07
328.177 1.51273e-07
328.368 1.55708e-07
328.558 1.55184e-07
328.749 1.58461e-07
328.94 1.7534e-07
329.131 1.94779e-07
329.322 2.07786e-07
329.512 2.11524e-07
329.703 2.13334e-07
329.894 2.1618e-07
330.085 2.13757e-07
330.275 1.96157e-07
330.466 1.76906e-07
330.657 1.65098e-07
330.848 1.70145e-07
331.039 1.74746e-07
331.229 1.73269e-07
331.42 1.69095e-07
331.611 1.76465e-07
331.802 1.87228e-07
331.993 1.90835e-07
332.184 1.82164e-07
332.374 1.79575e-07
332.565 1.86953e-07
332.756 1.87947e-07
332.947 1.84196e-07
333.138 1.84931e-07
333.329 1.82776e-07
333.52 1.68614e-07
333.71 1.59352e-07
333.901 1.64073e-07
334.092 1.73706e-07
334.283 1.83406e-07
334.474 1.94554e-07
334.665 1.95127e-07
334.856 1.83529e-07
335.047 1.82168e-07
335.238 1.94927e-07
335.428 2.0867e-07
335.619 2.08668e-07
335.81 1.82675e-07
336.001 1.44335e-07
336.192 1.37065e-07
336.383 1.62561e-07
336.574 1.78912e-07
336.765 1.65568e-07
336.956 1.45629e-07
337.147 1.37472e-07
337.338 1.48731e-07
337.529 1.75214e-07
337.72 1.89766e-07
337.911 1.7593e-07
338.102 1.65312e-07
338.293 1.72028e-07
338.484 1.88656e-07
338.675 1.95561e-07
338.866 1.97318e-07
339.057 1.90492e-07
339.248 1.75469e-07
339.439 1.73738e-07
339.63 1.89022e-07
339.821 2.08951e-07
340.012 2.18477e-07
340.203 2.13788e-07
340.394 2.03025e-07
340.586 1.9213e-07
340.777 1.86092e-07
340.968 1.8849e-07
341.159 1.88728e-07
341.35 1.75838e-07
341.541 1.70806e-07
341.732 1.83267e-07
341.923 2.0455e-07
342.114 2.06826e-07
342.306 1.96363e-07
342.497 1.90494e-07
342.688 1.92517e-07
342.879 2.06014e-07
343.07 2.098e-07
343.261 2.01505e-07
343.453 1.95919e-07
343.644 1.92533e-07
343.835 1.77549e-07
344.026 1.45123e-07
344.217 1.25965e-07
344.409 1.30254e-07
344.6 1.49558e-07
344.791 1.70657e-07
344.982 1.89691e-07
345.174 1.94073e-07
345.365 1.94742e-07
345.556 1.96058e-07
345.747 1.87593e-07
345.939 1.69229e-07
346.13 1.62492e-07
346.321 1.75529e-07
346.513 1.84909e-07
346.704 1.90643e-07
346.895 1.98361e-07
347.087 2.01317e-07
347.278 1.86848e-07
347.469 1.63661e-07
347.661 1.55662e-07
347.852 1.70798e-07
348.043 1.86955e-07
348.235 1.85177e-07
348.426 1.7823e-07
348.618 1.86113e-07
348.809 1.87015e-07
349 1.71935e-07
349.192 1.61196e-07
349.383 1.66946e-07
349.575 1.66697e-07
349.766 1.71715e-07
349.958 1.92279e-07
350.149 2.14342e-07
350.341 2.2295e-07
350.532 2.16348e-07
350.724 2.10958e-07
350.915 2.02675e-07
351.107 1.93333e-07
351.298 1.78165e-07
351.49 1.76693e-07
351.681 1.96781e-07
351.873 2.11326e-07
352.064 2.01311e-07
352.256 1.78221e-07
352.448 1.56022e-07
352.639 1.53775e-07
352.831 1.75853e-07
353.022 1.96479e-07
353.214 1.99978e-07
353.406 2.03758e-07
353.597 2.08506e-07
353.789 2.15446e-07
353.981 2.16592e-07
354.172 2.14152e-07
354.364 2.16497e-07
354.556 2.2072e-07
354.747 2.20989e-07
354.939 2.21997e-07
355.131 2.17947e-07
355.322 2.04187e-07
355.514 1.97179e-07
355.706 1.96753e-07
355.898 1.98072e-07
356.089 2.03125e-07
356.281 2.09346e-07
356.473 1.85334e-07
356.665 1.62843e-07
356.857 1.48001e-07
357.048 1.44168e-07
357.24 1.52243e-07
357.432 1.69692e-07
357.624 1.80214e-07
357.816 1.71882e-07
358.008 1.42795e-07
358.2 1.24555e-07
358.391 1.20724e-07
358.583 1.19566e-07
358.775 1.26113e-07
358.967 1.53276e-07
359.159 1.82147e-07
359.351 1.95913e-07
359.543 2.07068e-07
359.735 2.16753e-07
359.927 2.26389e-07
360.119 2.19639e-07
360.311 1.98527e-07
360.503 1.79783e-07
360.695 1.69653e-07
360.887 1.57937e-07
361.079 1.6077e-07
361.271 1.72981e-07
361.463 1.88204e-07
361.655 1.83313e-07
361.847 1.57487e-07
362.039 1.51435e-07
362.231 1.72742e-07
362.423 1.99206e-07
362.616 2.21601e-07
362.808 2.3193e-07
363 2.03859e-07
363.192 1.70026e-07
363.384 1.63269e-07
363.576 1.79147e-07
363.768 1.98543e-07
363.961 2.15084e-07
364.153 2.18559e-07
364.345 2.04277e-07
364.537 1.86844e-07
364.729 1.73876e-07
364.922 1.73154e-07
365.114 1.9214e-07
365.306 2.17012e-07
365.499 2.30147e-07
365.691 2.37647e-07
365.883 2.44491e-07
366.075 2.48052e-07
366.268 2.38968e-07
366.46 2.32028e-07
366.652 2.29442e-07
366.845 2.22446e-07
367.037 2.22566e-07
367.23 2.31291e-07
367.422 2.39622e-07
367.614 2.31351e-07
367.807 2.13473e-07
367.999 2.00664e-07
368.192 2.05748e-07
368.384 2.13605e-07
368.576 2.0554e-07
368.769 1.93603e-07
368.961 2.0815e-07
369.154 2.33482e-07
369.346 2.37657e-07
369.539 2.30512e-07
369.731 2.33605e-07
369.924 2.47972e-07
370.117 2.52011e-07
370.309 2.31798e-07
370.502 1.98097e-07
370.694 1.78513e-07
370.887 1.82352e-07
371.079 2.06935e-07
371.272 2.4213e-07
371.465 2.61634e-07
371.657 2.54957e-07
371.85 2.13843e-07
372.043 1.65531e-07
372.235 1.56407e-07
372.428 1.91918e-07
372.621 2.13719e-07
372.813 2.15973e-07
373.006 2.12761e-07
373.199 1.92748e-07
373.392 1.52073e-07
373.584 1.24538e-07
373.777 1.40503e-07
373.97 1.84793e-07
374.163 2.08243e-07
374.356 1.9155e-07
374.548 1.62022e-07
374.741 1.38037e-07
374.934 1.33182e-07
375.127 1.6134e-07
375.32 2.0764e-07
375.513 2.40649e-07
375.706 2.19759e-07
375.898 1.90301e-07
376.091 1.88105e-07
376.284 1.95915e-07
376.477 1.99381e-07
376.67 1.96341e-07
376.863 1.98236e-07
377.056 2.05226e-07
377.249 2.23411e-07
377.442 2.37987e-07
377.635 2.44616e-07
377.828 2.48821e-07
378.021 2.58568e-07
378.214 2.67461e-07
378.407 2.68375e-07
378.6 2.4556e-07
378.794 2.16425e-07
378.987 2.03808e-07
379.18 2.07574e-07
379.373 2.02143e-07
379.566 1.89484e-07
379.759 1.73164e-07
379.952 1.76938e-07
380.145 2.01802e-07
380.339 2.31437e-07
380.532 2.35236e-07
380.725 2.26949e-07
380.918 2.31527e-07
381.112 2.37986e-07
381.305 2.1882e-07
381.498 1.84352e-07
381.691 1.76538e-07
381.885 1.71423e-07
382.078 1.61904e-07
382.271 1.59068e-07
382.465 1.47809e-07
382.658 1.30228e-07
382.851 1.25607e-07
383.045 1.31508e-07
383.238 1.25021e-07
383.431 1.20502e-07
383.625 1.24433e-07
383.818 1.22518e-07
384.012 1.22846e-07
384.205 1.48805e-07
384.398 1.8191e-07
384.592 1.99013e-07
384.785 2.01214e-07
384.979 1.94189e-07
385.172 1.92899e-07
385.366 1.92733e-07
385.559 1.83144e-07
385.753 1.65434e-07
385.947 1.46759e-07
386.14 1.58364e-07
386.334 1.90051e-07
386.527 2.05253e-07
386.721 1.99157e-07
386.914 1.83101e-07
387.108 1.60689e-07
387.302 1.61185e-07
387.495 1.88347e-07
387.689 1.9444e-07
387.883 1.81062e-07
388.076 1.69131e-07
388.27 1.72385e-07
388.464 1.75276e-07
388.658 1.6927e-07
388.851 1.63029e-07
389.045 1.80464e-07
389.239 2.07856e-07
389.433 2.17807e-07
389.626 2.23387e-07
389.82 2.25793e-07
390.014 2.27501e-07
390.208 2.2137e-07
390.402 2.07979e-07
390.596 2.01948e-07
390.789 2.17828e-07
390.983 2.38314e-07
391.177 2.52455e-07
391.371 2.54116e-07
391.565 2.491e-07
391.759 2.39262e-07
391.953 2.19932e-07
392.147 2.01996e-07
392.341 1.99063e-07
392.535 1.95739e-07
392.729 1.69736e-07
392.923 1.31393e-07
393.117 9.70392e-08
393.311 7.18644e-08
393.505 6.80587e-08
393.699 8.99537e-08
393.893 1.27828e-07
394.087 1.58321e-07
394.281 1.68742e-07
394.476 1.81444e-07
394.67 2.01494e-07
394.864 2.21262e-07
395.058 2.33896e-07
395.252 2.37425e-07
395.446 2.38113e-07
395.641 2.34116e-07
395.835 2.35765e-07
396.029 2.16788e-07
396.223 1.82644e-07
396.418 1.50909e-07
396.612 1.19483e-07
396.806 8.69799e-08
397 8.08629e-08
397.195 1.07982e-07
397.389 1.47827e-07
397.583 1.85889e-07
397.778 2.20931e-07
397.972 2.50974e-07
398.166 2.63677e-07
398.361 2.63001e-07
398.555 2.61478e-07
398.75 2.72026e-07
398.944 2.83055e-07
399.139 2.92059e-07
399.333 2.95546e-07
399.527 2.90634e-07
399.722 2.81496e-07
399.916 2.87921e-07
400.111 3.00917e-07
400.305 3.06241e-07
400.5 2.84502e-07
400.695 2.76422e-07
400.889 2.89492e-07
401.084 3.05935e-07
401.278 3.10907e-07
401.473 3.13275e-07
401.668 3.07972e-07
401.862 3.08626e-07
402.057 3.1263e-07
402.251 3.1448e-07
402.446 3.11143e-07
402.641 3.16398e-07
402.835 3.19229e-07
403.03 3.00224e-07
403.225 2.74459e-07
403.42 2.70016e-07
403.614 2.94438e-07
403.809 3.18455e-07
404.004 3.22554e-07
404.199 3.18122e-07
404.394 2.87932e-07
404.588 2.55443e-07
404.783 2.64987e-07
404.978 3.02446e-07
405.173 3.14705e-07
405.368 3.0181e-07
405.563 2.89572e-07
405.758 2.8088e-07
405.953 2.8636e-07
406.147 2.8666e-07
406.342 2.67618e-07
406.537 2.60998e-07
406.732 2.79092e-07
406.927 2.95738e-07
407.122 2.86946e-07
407.317 2.85351e-07
407.512 2.86748e-07
407.707 2.7443e-07
407.902 2.74138e-07
408.098 2.98886e-07
408.293 3.08379e-07
408.488 3.01213e-07
408.683 3.09525e-07
408.878 3.25075e-07
409.073 3.28129e-07
409.268 3.20824e-07
409.463 3.0919e-07
409.659 2.94605e-07
409.854 2.79035e-07
410.049 2.5087e-07
410.244 2.34285e-07
410.439 2.52872e-07
410.635 2.84781e-07
410.83 2.99776e-07
411.025 3.02315e-07
411.22 3.07901e-07
411.416 3.19715e-07
411.611 3.298e-07
411.806 3.23239e-07
412.002 3.15012e-07
412.197 3.13813e-07
412.392 3.17422e-07
412.588 3.15849e-07
412.783 3.09463e-07
412.979 3.06293e-07
413.174 2.94197e-07
413.37 2.8586e-07
413.565 2.99228e-07
413.76 3.22288e-07
413.956 3.34435e-07
414.151 3.20334e-07
414.347 2.94619e-07
414.542 2.92458e-07
414.738 3.08884e-07
414.934 3.14887e-07
415.129 3.1148e-07
415.325 3.03557e-07
415.52 2.95998e-07
415.716 2.95877e-07
415.911 3.067e-07
416.107 3.20061e-07
416.303 3.3101e-07
416.498 3.31339e-07
416.694 3.19412e-07
416.89 3.12891e-07
417.086 3.0435e-07
417.281 2.88409e-07
417.477 2.83839e-07
417.673 2.89379e-07
417.868 2.98144e-07
418.064 3.01571e-07
418.26 2.97508e-07
418.456 2.99384e-07
418.652 2.92173e-07
418.847 2.89291e-07
419.043 2.97163e-07
419.239 3.13972e-07
419.435 3.15751e-07
419.631 2.9951e-07
419.827 2.80513e-07
420.023 2.73982e-07
420.219 2.78799e-07
420.415 2.93477e-07
420.611 3.11165e-07
420.807 3.22066e-07
421.003 3.21735e-07
421.199 3.25564e-07
421.395 3.20757e-07
421.591 3.06882e-07
421.787 3.04167e-07
421.983 3.17922e-07
422.179 3.24301e-07
422.375 3.02731e-07
422.571 2.55327e-07
422.767 2.42669e-07
422.963 2.80097e-07
423.159 3.11573e-07
423.355 3.11867e-07
423.552 2.93637e-07
423.748 2.83964e-07
423.944 2.89628e-07
424.14 3.00715e-07
424.336 3.10538e-07
424.533 3.16055e-07
424.729 3.03827e-07
424.925 2.82972e-07
425.121 2.83324e-07
425.318 2.92665e-07
425.514 2.9656e-07
425.71 3.01614e-07
425.907 2.88555e-07
426.103 2.74178e-07
426.299 2.90246e-07
426.496 3.15665e-07
426.692 3.18577e-07
426.889 2.99703e-07
427.085 2.66491e-07
427.281 2.47174e-07
427.478 2.55577e-07
427.674 2.85256e-07
427.871 3.00697e-07
428.067 2.96136e-07
428.264 2.93051e-07
428.46 2.898e-07
428.657 2.82279e-07
428.853 2.67834e-07
429.05 2.59259e-07
429.247 2.68683e-07
429.443 2.78729e-07
429.64 2.68857e-07
429.836 2.37097e-07
430.033 2.10079e-07
430.23 2.03208e-07
430.426 2.08322e-07
430.623 2.07795e-07
430.82 1.95649e-07
431.016 1.90731e-07
431.213 2.11204e-07
431.41 2.51865e-07
431.607 3.029e-07
431.803 3.38548e-07
432 3.44969e-07
432.197 3.22103e-07
432.394 2.75049e-07
432.591 2.48002e-07
432.787 2.74693e-07
432.984 3.11738e-07
433.181 3.28852e-07
433.378 3.31526e-07
433.575 3.22082e-07
433.772 2.87733e-07
433.969 2.43488e-07
434.166 2.35221e-07
434.363 2.642e-07
434.559 2.96026e-07
434.756 3.18831e-07
434.953 3.23278e-07
435.15 3.04046e-07
435.347 2.92538e-07
435.544 3.03966e-07
435.742 3.16641e-07
435.939 3.20691e-07
436.136 3.27778e-07
436.333 3.37945e-07
436.53 3.43649e-07
436.727 3.35924e-07
436.924 3.2612e-07
437.121 3.21665e-07
437.318 3.1222e-07
437.516 3.00647e-07
437.713 3.06525e-07
437.91 3.20575e-07
438.107 3.12821e-07
438.304 2.70004e-07
438.502 2.49242e-07
438.699 2.71842e-07
438.896 2.95375e-07
439.094 3.0263e-07
439.291 3.07451e-07
439.488 3.11548e-07
439.685 3.22745e-07
439.883 3.25054e-07
440.08 3.19358e-07
440.278 3.06145e-07
440.475 2.92217e-07
440.672 2.92539e-07
440.87 3.08142e-07
441.067 3.32671e-07
441.265 3.46828e-07
441.462 3.33311e-07
441.66 3.20384e-07
441.857 3.34555e-07
442.055 3.51308e-07
442.252 3.46809e-07
442.45 3.38312e-07
442.647 3.39403e-07
442.845 3.44033e-07
443.042 3.44528e-07
443.24 3.38868e-07
443.438 3.26171e-07
443.635 3.2738e-07
443.833 3.44993e-07
444.03 3.5172e-07
444.228 3.37524e-07
444.426 3.3679e-07
444.623 3.4738e-07
444.821 3.55168e-07
445.019 3.54826e-07
445.217 3.49563e-07
445.414 3.31222e-07
445.612 3.13344e-07
445.81 3.09256e-07
446.008 3.11717e-07
446.206 3.17601e-07
446.403 3.30401e-07
446.601 3.41218e-07
446.799 3.42112e-07
446.997 3.39415e-07
447.195 3.47954e-07
447.393 3.61143e-07
447.591 3.69805e-07
447.789 3.7113e-07
447.986 3.54274e-07
448.184 3.36941e-07
448.382 3.42761e-07
448.58 3.63949e-07
448.778 3.65537e-07
448.976 3.51879e-07
449.174 3.51097e-07
449.372 3.53046e-07
449.57 3.52141e-07
449.769 3.58412e-07
449.967 3.64099e-07
450.165 3.68196e-07
450.363 3.7656e-07
450.561 3.85929e-07
450.759 3.86852e-07
450.957 3.85237e-07
451.155 3.82486e-07
451.354 3.74006e-07
451.552 3.67485e-07
451.75 3.65753e-07
451.948 3.69494e-07
452.147 3.71879e-07
452.345 3.67223e-07
452.543 3.52275e-07
452.741 3.34164e-07
452.94 3.24341e-07
453.138 3.28654e-07
453.336 3.3231e-07
453.535 3.34415e-07
453.733 3.51279e-07
453.931 3.65308e-07
454.13 3.68249e-07
454.328 3.64622e-07
454.527 3.61195e-07
454.725 3.54792e-07
454.923 3.44521e-07
455.122 3.43661e-07
455.32 3.47517e-07
455.519 3.49082e-07
455.717 3.56091e-07
455.916 3.68951e-07
456.114 3.78718e-07
456.313 3.72519e-07
456.512 3.60845e-07
456.71 3.61429e-07
456.909 3.70159e-07
457.107 3.67888e-07
457.306 3.67434e-07
457.505 3.73689e-07
457.703 3.77847e-07
457.902 3.68104e-07
458.101 3.53037e-07
458.299 3.45277e-07
458.498 3.45145e-07
458.697 3.51974e-07
458.895 3.63475e-07
459.094 3.63669e-07
459.293 3.57581e-07
459.492 3.52877e-07
459.691 3.524e-07
459.889 3.52626e-07
460.088 3.52609e-07
460.287 3.54869e-07
460.486 3.57729e-07
460.685 3.62993e-07
460.884 3.71856e-07
461.083 3.73521e-07
461.281 3.67411e-07
461.48 3.65596e-07
461.679 3.67796e-07
461.878 3.66517e-07
462.077 3.67459e-07
462.276 3.71333e-07
462.475 3.7122e-07
462.674 3.71361e-07
462.873 3.70916e-07
463.072 3.71194e-07
463.271 3.6936e-07
463.47 3.67475e-07
463.67 3.61792e-07
463.869 3.56549e-07
464.068 3.56857e-07
464.267 3.62325e-07
464.466 3.59214e-07
464.665 3.45545e-07
464.864 3.40301e-07
465.064 3.494e-07
465.263 3.5884e-07
465.462 3.56541e-07
465.661 3.54216e-07
465.861 3.63977e-07
466.06 3.73418e-07
466.259 3.67787e-07
466.458 3.54702e-07
466.658 3.32799e-07
466.857 3.22992e-07
467.056 3.36445e-07
467.256 3.50834e-07
467.455 3.57983e-07
467.654 3.62704e-07
467.854 3.56995e-07
468.053 3.47698e-07
468.253 3.47324e-07
468.452 3.55067e-07
468.652 3.59918e-07
468.851 3.59148e-07
469.051 3.54277e-07
469.25 3.54025e-07
469.45 3.58814e-07
469.649 3.61053e-07
469.849 3.53539e-07
470.048 3.42227e-07
470.248 3.31323e-07
470.447 3.32935e-07
470.647 3.38169e-07
470.847 3.38707e-07
471.046 3.42935e-07
471.246 3.48969e-07
471.446 3.49885e-07
471.645 3.54592e-07
471.845 3.65032e-07
472.045 3.72286e-07
472.244 3.7278e-07
472.444 3.74184e-07
472.644 3.67034e-07
472.844 3.51316e-07
473.044 3.41959e-07
473.243 3.45087e-07
473.443 3.52802e-07
473.643 3.51457e-07
473.843 3.53831e-07
474.043 3.58065e-07
474.243 3.62486e-07
474.442 3.6492e-07
474.642 3.65948e-07
474.842 3.67029e-07
475.042 3.65805e-07
475.242 3.60761e-07
475.442 3.52558e-07
475.642 3.48991e-07
475.842 3.54596e-07
476.042 3.5772e-07
476.242 3.51762e-07
476.442 3.40256e-07
476.642 3.35417e-07
476.842 3.4464e-07
477.042 3.53484e-07
477.243 3.56829e-07
477.443 3.62126e-07
477.643 3.68762e-07
477.843 3.72489e-07
478.043 3.71186e-07
478.243 3.65205e-07
478.443 3.58976e-07
478.644 3.53874e-07
478.844 3.50647e-07
479.044 3.51596e-07
479.244 3.59588e-07
479.445 3.70774e-07
479.645 3.76496e-07
479.845 3.69379e-07
480.046 3.61368e-07
480.246 3.63271e-07
480.446 3.66308e-07
480.647 3.61506e-07
480.847 3.58398e-07
481.047 3.60242e-07
481.248 3.65116e-07
481.448 3.69706e-07
481.649 3.73873e-07
481.849 3.77441e-07
482.05 3.75638e-07
482.25 3.67584e-07
482.451 3.59864e-07
482.651 3.63018e-07
482.852 3.65506e-07
483.052 3.62029e-07
483.253 3.60541e-07
483.453 3.63353e-07
483.654 3.6487e-07
483.854 3.5979e-07
484.055 3.53463e-07
484.256 3.50255e-07
484.456 3.55963e-07
484.657 3.60502e-07
484.858 3.59432e-07
485.058 3.57478e-07
485.259 3.54329e-07
485.46 3.42565e-07
485.661 3.25857e-07
485.861 3.07014e-07
486.062 2.68478e-07
486.263 2.51934e-07
486.464 2.79074e-07
486.665 3.16493e-07
486.865 3.31492e-07
487.066 3.24401e-07
487.267 3.16277e-07
487.468 3.25495e-07
487.669 3.39634e-07
487.87 3.49198e-07
488.071 3.56141e-07
488.272 3.57276e-07
488.473 3.50257e-07
488.674 3.39984e-07
488.875 3.32713e-07
489.076 3.21428e-07
489.277 3.29643e-07
489.478 3.56248e-07
489.679 3.75636e-07
489.88 3.749e-07
490.081 3.69884e-07
490.282 3.63434e-07
490.483 3.62143e-07
490.684 3.66192e-07
490.885 3.59992e-07
491.087 3.46739e-07
491.288 3.49307e-07
491.489 3.63033e-07
491.69 3.61924e-07
491.891 3.31894e-07
492.093 3.11557e-07
492.294 3.21128e-07
492.495 3.40795e-07
492.697 3.55434e-07
492.898 3.67771e-07
493.099 3.7176e-07
493.3 3.62319e-07
493.502 3.52962e-07
493.703 3.45297e-07
493.905 3.39513e-07
494.106 3.48109e-07
494.307 3.66357e-07
494.509 3.73217e-07
494.71 3.71058e-07
494.912 3.73252e-07
495.113 3.75438e-07
495.315 3.7371e-07
495.516 3.65528e-07
495.718 3.40372e-07
495.919 3.39119e-07
496.121 3.6242e-07
496.323 3.79132e-07
496.524 3.72505e-07
496.726 3.6404e-07
496.927 3.58369e-07
659.646 4.62164e-07
659.776 4.77644e-07
659.907 4.81626e-07
660.037 4.84148e-07
660.167 4.94653e-07
660.297 5.04538e-07
660.427 5.09624e-07
660.557 5.09722e-07
660.686 5.14782e-07
660.816 5.20607e-07
660.946 5.22624e-07
661.076 5.25139e-07
661.206 5.35876e-07
661.336 5.46847e-07
661.466 5.55158e-07
661.596 5.63362e-07
661.726 5.70063e-07
661.855 5.75543e-07
661.985 5.81165e-07
662.115 5.87406e-07
662.245 5.94429e-07
662.375 5.99851e-07
662.504 5.98556e-07
662.634 5.98784e-07
662.764 5.97348e-07
662.893 5.96734e-07
663.023 5.97379e-07
663.153 5.99784e-07
663.282 5.97685e-07
663.412 5.85089e-07
663.542 5.75347e-07
663.671 5.80105e-07
663.801 5.95177e-07
663.931 6.02935e-07
664.06 6.00414e-07
664.19 6.0125e-07
664.319 5.99362e-07
664.449 5.90811e-07
664.578 5.90062e-07
664.708 5.98931e-07
664.838 6.07278e-07
664.967 6.08525e-07
665.097 6.10572e-07
665.226 6.11502e-07
665.356 6.12022e-07
665.485 6.10686e-07
665.614 6.09656e-07
665.744 6.1073e-07
665.873 6.12251e-07
666.003 6.12005e-07
666.132 6.10211e-07
666.261 6.06055e-07
666.391 5.96168e-07
666.52 5.92214e-07
666.649 5.96541e-07
666.779 6.0816e-07
666.908 6.08539e-07
667.037 6.1003e-07
667.167 6.12685e-07
667.296 6.14538e-07
667.425 6.1522e-07
667.555 6.15108e-07
667.684 6.13624e-07
667.813 6.02015e-07
667.942 5.91042e-07
668.072 5.93846e-07
668.201 6.0965e-07
668.33 6.17597e-07
668.459 6.18949e-07
668.588 6.19865e-07
668.717 6.20742e-07
668.847 6.20696e-07
668.976 6.18898e-07
669.105 6.18513e-07
669.234 6.19725e-07
669.363 6.19201e-07
669.492 6.20076e-07
669.621 6.15239e-07
669.75 6.10102e-07
669.879 6.07198e-07
670.008 6.1151e-07
670.137 6.1599e-07
670.266 6.18974e-07
670.395 6.17597e-07
670.524 6.10899e-07
670.653 6.0893e-07
670.782 6.13213e-07
670.911 6.18796e-07
671.04 6.183e-07
671.169 6.18142e-07
671.298 6.16771e-07
671.427 6.12206e-07
671.556 6.08937e-07
671.685 6.07422e-07
671.814 5.97579e-07
671.943 5.94469e-07
672.072 6.0061e-07
672.2 6.14447e-07
672.329 6.14282e-07
672.458 6.16822e-07
672.587 6.19741e-07
672.716 6.16104e-07
672.845 6.14689e-07
672.973 6.17424e-07
673.102 6.22528e-07
673.231 6.23984e-07
673.36 6.22404e-07
673.488 6.19849e-07
673.617 6.22148e-07
673.746 6.23763e-07
673.875 6.21397e-07
674.003 6.18425e-07
674.132 6.19391e-07
674.261 6.21564e-07
674.389 6.19965e-07
674.518 6.19393e-07
674.647 6.19666e-07
674.775 6.21377e-07
674.904 6.18984e-07
675.033 6.13224e-07
675.161 6.10033e-07
675.29 6.12542e-07
675.418 6.18071e-07
675.547 6.21297e-07
675.676 6.23929e-07
675.804 6.23271e-07
675.933 6.23548e-07
676.061 6.26773e-07
676.19 6.27947e-07
676.318 6.27766e-07
676.447 6.2637e-07
676.575 6.27712e-07
676.704 6.27123e-07
676.832 6.17422e-07
676.961 6.15346e-07
677.089 6.18118e-07
677.218 6.23049e-07
677.346 6.1926e-07
677.475 6.21528e-07
677.603 6.28277e-07
677.732 6.3083e-07
677.86 6.30211e-07
677.988 6.29957e-07
678.117 6.30785e-07
678.245 6.28657e-07
678.373 6.25935e-07
678.502 6.199e-07
678.63 6.19431e-07
678.758 6.19059e-07
678.887 6.23593e-07
679.015 6.27401e-07
679.143 6.31714e-07
679.272 6.32495e-07
679.4 6.29874e-07
679.528 6.26682e-07
679.657 6.23397e-07
679.785 6.23405e-07
679.913 6.24225e-07
680.041 6.26543e-07
680.17 6.27423e-07
680.298 6.2928e-07
680.426 6.28097e-07
680.554 6.25506e-07
680.682 6.24384e-07
680.811 6.24861e-07
680.939 6.28726e-07
681.067 6.25768e-07
681.195 6.25839e-07
681.323 6.26132e-07
681.451 6.30254e-07
681.579 6.29137e-07
681.708 6.30488e-07
681.836 6.3307e-07
681.964 6.33544e-07
682.092 6.27296e-07
682.22 6.25887e-07
682.348 6.28199e-07
682.476 6.34418e-07
682.604 6.33963e-07
682.732 6.35452e-07
682.86 6.2859e-07
682.988 6.21461e-07
683.116 6.24447e-07
683.244 6.32363e-07
683.372 6.34834e-07
683.5 6.33437e-07
683.628 6.32897e-07
683.756 6.31122e-07
683.884 6.25396e-07
684.012 6.17072e-07
684.14 6.11395e-07
684.268 6.01185e-07
684.396 5.9669e-07
684.524 6.06366e-07
684.651 6.21677e-07
684.779 6.33205e-07
684.907 6.33057e-07
685.035 6.3243e-07
685.163 6.32987e-07
685.291 6.36112e-07
685.419 6.34774e-07
685.547 6.23642e-07
685.674 6.1409e-07
685.802 6.1072e-07
685.93 6.17183e-07
686.058 6.21682e-07
686.185 6.24903e-07
686.313 6.21943e-07
686.441 6.23803e-07
686.569 6.27242e-07
686.696 6.15939e-07
686.824 4.92768e-07
686.952 3.26014e-07
687.08 2.34863e-07
687.207 2.54704e-07
687.335 2.84865e-07
687.463 3.03414e-07
687.59 3.28706e-07
687.718 3.62223e-07
687.846 3.95934e-07
687.973 4.29349e-07
688.101 4.79681e-07
688.229 5.34743e-07
688.356 5.77538e-07
688.484 5.58132e-07
688.612 5.20549e-07
688.739 4.74695e-07
688.867 4.72916e-07
688.994 4.52635e-07
689.122 4.63977e-07
689.249 4.66978e-07
689.377 4.63231e-07
689.504 4.67287e-07
689.632 4.81054e-07
689.759 4.7104e-07
689.887 4.74211e-07
690.014 5.1007e-07
690.142 4.96755e-07
690.269 4.89919e-07
690.397 5.29746e-07
690.524 5.20071e-07
690.652 4.93531e-07
690.779 5.28673e-07
690.907 5.56172e-07
691.034 5.23344e-07
691.162 5.31004e-07
691.289 5.80652e-07
691.416 5.58597e-07
691.544 5.24295e-07
691.671 5.40355e-07
691.798 5.80516e-07
691.926 5.57753e-07
692.053 5.50174e-07
692.18 5.76217e-07
692.308 6.04586e-07
692.435 5.6719e-07
692.562 5.44281e-07
692.69 5.57214e-07
692.817 5.9422e-07
692.944 5.77081e-07
693.072 5.44962e-07
693.199 5.36464e-07
693.326 5.68513e-07
693.453 5.63078e-07
693.581 5.61105e-07
693.708 5.74924e-07
693.835 5.84183e-07
693.962 5.78804e-07
694.089 5.35076e-07
694.217 5.2304e-07
694.344 5.23177e-07
694.471 5.48228e-07
694.598 5.74757e-07
694.725 5.91463e-07
694.852 5.71747e-07
694.98 5.54984e-07
695.107 5.64266e-07
695.234 5.83059e-07
695.361 5.92483e-07
695.488 5.90401e-07
695.615 5.87773e-07
695.742 5.66872e-07
695.869 5.73425e-07
695.996 5.78515e-07
696.123 5.85042e-07
696.25 5.69263e-07
696.377 5.95138e-07
696.504 6.12345e-07
696.631 6.15276e-07
696.758 6.19367e-07
696.885 6.36273e-07
697.012 6.43049e-07
697.139 6.3116e-07
697.266 6.23303e-07
697.393 6.23391e-07
697.52 6.33745e-07
697.647 6.3059e-07
697.774 6.11333e-07
697.901 5.90366e-07
698.028 5.82945e-07
698.155 5.96804e-07
698.282 6.12513e-07
698.408 6.24189e-07
698.535 6.29889e-07
698.662 6.16418e-07
698.789 5.94088e-07
698.916 5.75033e-07
699.043 5.71794e-07
699.169 5.75255e-07
699.296 5.99467e-07
699.423 5.88623e-07
699.55 5.80663e-07
699.677 5.96324e-07
699.803 6.25996e-07
699.93 6.01395e-07
700.057 5.72328e-07
700.184 5.77551e-07
700.31 6.09409e-07
700.437 6.09061e-07
700.564 5.65236e-07
700.691 5.39238e-07
700.817 5.57236e-07
700.944 5.98469e-07
701.071 6.08241e-07
701.197 5.92164e-07
701.324 5.88266e-07
701.451 6.02192e-07
701.577 6.10622e-07
701.704 5.62028e-07
701.83 5.43526e-07
701.957 5.6396e-07
702.084 6.0883e-07
702.21 6.17219e-07
702.337 6.02861e-07
702.463 5.7777e-07
702.59 5.70632e-07
702.717 5.80491e-07
702.843 5.63246e-07
702.97 5.63594e-07
703.096 5.94947e-07
703.223 6.26865e-07
703.349 6.34347e-07
703.476 6.37065e-07
703.602 6.29769e-07
703.729 6.21516e-07
703.855 5.99648e-07
703.982 5.76925e-07
704.108 5.73066e-07
704.234 5.97584e-07
704.361 6.26627e-07
704.487 6.33659e-07
704.614 6.34855e-07
704.74 6.31224e-07
704.866 6.30898e-07
704.993 6.31881e-07
705.119 6.25028e-07
705.246 6.09688e-07
705.372 5.84882e-07
705.498 5.99266e-07
705.625 6.14477e-07
705.751 6.19153e-07
705.877 6.15774e-07
706.003 6.17324e-07
706.13 6.15643e-07
706.256 6.17806e-07
706.382 6.16961e-07
706.509 6.2486e-07
706.635 6.17119e-07
706.761 6.17906e-07
706.887 6.1253e-07
707.014 6.20587e-07
707.14 6.29408e-07
707.266 6.3338e-07
707.392 6.31996e-07
707.518 6.29873e-07
707.645 6.3576e-07
707.771 6.36104e-07
707.897 6.25604e-07
708.023 6.15994e-07
708.149 6.19776e-07
708.275 6.34625e-07
708.401 6.37088e-07
708.527 6.2638e-07
708.654 6.21301e-07
708.78 6.20884e-07
708.906 6.20354e-07
709.032 6.20605e-07
709.158 6.16124e-07
709.284 6.2619e-07
709.41 6.29306e-07
709.536 6.34349e-07
709.662 6.31419e-07
709.788 6.30669e-07
709.914 6.3356e-07
710.04 6.31742e-07
710.166 6.34184e-07
710.292 6.33819e-07
710.418 6.36824e-07
710.544 6.40975e-07
710.67 6.37492e-07
710.796 6.3349e-07
710.922 6.3172e-07
711.048 6.34565e-07
711.174 6.30529e-07
711.299 6.25218e-07
711.425 6.27389e-07
711.551 6.34943e-07
711.677 6.38232e-07
711.803 6.38602e-07
711.929 6.34746e-07
712.055 6.3104e-07
712.18 6.35191e-07
712.306 6.23316e-07
712.432 6.259e-07
712.558 6.31684e-07
712.684 6.47923e-07
712.809 6.43182e-07
712.935 6.3322e-07
713.061 6.24636e-07
713.187 6.13793e-07
713.312 6.15217e-07
713.438 6.21556e-07
713.564 6.37142e-07
713.69 6.41965e-07
713.815 6.39896e-07
713.941 6.37485e-07
714.067 6.36651e-07
714.192 6.412e-07
714.318 6.30479e-07
714.444 6.30902e-07
714.569 6.28067e-07
714.695 6.33542e-07
714.821 6.12184e-07
714.946 5.96004e-07
715.072 5.90503e-07
715.197 6.00657e-07
715.323 6.12644e-07
715.449 6.25443e-07
715.574 6.36787e-07
715.7 6.26148e-07
715.825 6.2353e-07
715.951 6.14298e-07
716.076 6.17689e-07
716.202 6.18196e-07
716.327 6.1956e-07
716.453 5.94754e-07
716.578 5.57933e-07
716.704 5.31709e-07
716.829 4.9891e-07
716.955 5.01566e-07
717.08 4.84993e-07
717.206 5.03755e-07
717.331 4.6714e-07
717.456 4.36746e-07
717.582 4.46486e-07
717.707 4.68873e-07
717.833 4.38113e-07
717.958 4.30002e-07
718.083 4.95823e-07
718.209 5.09295e-07
718.334 4.94556e-07
718.459 4.71832e-07
718.585 4.67888e-07
718.71 3.78366e-07
718.835 3.41735e-07
718.961 4.02479e-07
719.086 5.19895e-07
719.211 5.06821e-07
719.337 4.40424e-07
719.462 3.70292e-07
719.587 4.17699e-07
719.712 4.63229e-07
719.838 4.67921e-07
719.963 4.70249e-07
720.088 4.45405e-07
720.213 4.07497e-07
720.338 4.06125e-07
720.464 4.37024e-07
720.589 4.74967e-07
720.714 4.26167e-07
720.839 4.60537e-07
720.964 4.88981e-07
721.089 5.42093e-07
721.215 5.52292e-07
721.34 5.82025e-07
721.465 6.10716e-07
721.59 6.21238e-07
721.715 5.86386e-07
721.84 5.66623e-07
721.965 5.61085e-07
722.09 5.9422e-07
722.215 6.13991e-07
722.34 6.12306e-07
722.465 5.64295e-07
722.59 5.62026e-07
722.715 5.84643e-07
722.84 5.69988e-07
722.965 5.57382e-07
723.09 5.7484e-07
723.215 5.97549e-07
723.34 5.21506e-07
723.465 4.54279e-07
723.59 3.86591e-07
723.715 4.12613e-07
723.84 4.89511e-07
723.965 5.64125e-07
724.09 5.27268e-07
724.215 4.6839e-07
724.34 4.73762e-07
724.464 4.84412e-07
724.589 4.74878e-07
724.714 4.7105e-07
724.839 5.07499e-07
724.964 5.36408e-07
725.089 5.4303e-07
725.214 5.35503e-07
725.338 4.50618e-07
725.463 3.98175e-07
725.588 4.38095e-07
725.713 5.47857e-07
725.837 5.47995e-07
725.962 5.21481e-07
726.087 5.19656e-07
726.212 5.25921e-07
726.336 5.04506e-07
726.461 4.95565e-07
726.586 4.56628e-07
726.711 4.4818e-07
726.835 5.05692e-07
726.96 5.9001e-07
727.085 5.68785e-07
727.209 5.6231e-07
727.334 5.32999e-07
727.459 5.27695e-07
727.583 4.90286e-07
727.708 4.62715e-07
727.832 3.77983e-07
727.957 3.96888e-07
728.082 4.77825e-07
728.206 5.54853e-07
728.331 5.51247e-07
728.455 5.60612e-07
728.58 5.81554e-07
728.704 6.1277e-07
728.829 5.54478e-07
728.954 5.05219e-07
729.078 4.51053e-07
729.203 4.38406e-07
729.327 4.19574e-07
729.452 4.61064e-07
729.576 4.80434e-07
729.701 5.2407e-07
729.825 5.63072e-07
729.949 6.04851e-07
730.074 5.68872e-07
730.198 5.48028e-07
730.323 5.09808e-07
730.447 4.69386e-07
730.571 4.48132e-07
730.696 5.05186e-07
730.82 5.81723e-07
730.945 5.67439e-07
731.069 5.10764e-07
731.193 4.7374e-07
731.318 4.93646e-07
731.442 5.33434e-07
731.566 5.59033e-07
731.691 5.71211e-07
731.815 5.31594e-07
731.939 4.84936e-07
732.063 5.0696e-07
732.188 5.51653e-07
732.312 6.1698e-07
732.436 6.18806e-07
732.561 6.17013e-07
732.685 5.94886e-07
732.809 5.71997e-07
732.933 5.73737e-07
733.057 5.98166e-07
733.182 6.05566e-07
733.306 5.99671e-07
733.43 5.67309e-07
733.554 5.69582e-07
733.678 5.73443e-07
733.802 6.16917e-07
733.927 6.43831e-07
734.051 6.51346e-07
734.175 6.44498e-07
734.299 6.41648e-07
734.423 6.33128e-07
734.547 6.04804e-07
734.671 6.00796e-07
734.795 6.18539e-07
734.919 6.27645e-07
735.043 5.91374e-07
735.167 5.80384e-07
735.291 5.97135e-07
735.415 6.17955e-07
735.539 6.21514e-07
735.663 6.06268e-07
735.787 6.00289e-07
735.911 6.03536e-07
736.035 6.18301e-07
736.159 6.10612e-07
736.283 5.9441e-07
736.407 5.88069e-07
736.531 5.95455e-07
736.655 5.95893e-07
736.779 6.14355e-07
736.903 6.1588e-07
737.027 6.03449e-07
737.151 5.99075e-07
737.275 6.12806e-07
737.398 6.29211e-07
737.522 6.31838e-07
737.646 6.33832e-07
737.77 6.36684e-07
737.894 6.30612e-07
738.018 6.3581e-07
738.141 6.41889e-07
738.265 6.38092e-07
738.389 6.11855e-07
738.513 6.00508e-07
738.636 6.06978e-07
738.76 6.17028e-07
738.884 6.12114e-07
739.008 6.0001e-07
739.131 5.96612e-07
739.255 5.95832e-07
739.379 6.14771e-07
739.503 6.23257e-07
739.626 6.29907e-07
739.75 6.21541e-07
739.874 6.2219e-07
739.997 6.32545e-07
740.121 6.36654e-07
740.245 6.30103e-07
740.368 6.35358e-07
740.492 6.47745e-07
740.615 6.48094e-07
740.739 6.3638e-07
740.863 6.34973e-07
740.986 6.27329e-07
741.11 6.14001e-07
741.233 5.97733e-07
741.357 6.24745e-07
741.48 6.39634e-07
741.604 6.32005e-07
741.727 6.14173e-07
741.851 6.22996e-07
741.974 6.3887e-07
742.098 6.47547e-07
742.221 6.42803e-07
742.345 6.26796e-07
742.468 6.10115e-07
742.592 6.16273e-07
742.715 6.35788e-07
742.839 6.52372e-07
742.962 6.60023e-07
743.085 6.59671e-07
743.209 6.55013e-07
743.332 6.50499e-07
743.456 6.53738e-07
743.579 6.59632e-07
743.702 6.58394e-07
743.826 6.57691e-07
743.949 6.58718e-07
744.072 6.56175e-07
744.196 6.46363e-07
744.319 6.40334e-07
744.442 6.41422e-07
744.566 6.4832e-07
744.689 6.32029e-07
744.812 6.28724e-07
744.935 6.36213e-07
745.059 6.49318e-07
745.182 6.57639e-07
745.305 6.57616e-07
745.428 6.59477e-07
745.552 6.60448e-07
745.675 6.59139e-07
745.798 6.61379e-07
745.921 6.60511e-07
746.044 6.62426e-07
746.167 6.58691e-07
746.291 6.43042e-07
746.414 6.34029e-07
746.537 6.37555e-07
746.66 6.56792e-07
746.783 6.62976e-07
746.906 6.62279e-07
747.029 6.61325e-07
747.152 6.62919e-07
747.276 6.63396e-07
747.399 6.58723e-07
747.522 6.55844e-07
747.645 6.55563e-07
747.768 6.56435e-07
747.891 6.54694e-07
748.014 6.57547e-07
748.137 6.60491e-07
748.26 6.57088e-07
748.383 6.55138e-07
748.506 6.53582e-07
748.629 6.61577e-07
748.752 6.61165e-07
748.875 6.63255e-07
748.997 6.63508e-07
749.12 6.62701e-07
749.243 6.51197e-07
749.366 6.4983e-07
749.489 6.43631e-07
749.612 6.26574e-07
749.735 6.26938e-07
749.858 6.39623e-07
749.981 6.59225e-07
750.103 6.60077e-07
750.226 6.6074e-07
750.349 6.63325e-07
750.472 6.62593e-07
750.595 6.58459e-07
750.717 6.53424e-07
750.84 6.46643e-07
750.963 6.49765e-07
751.086 6.51976e-07
751.209 6.27352e-07
751.331 6.24334e-07
751.454 6.35934e-07
751.577 6.59632e-07
751.699 6.58748e-07
751.822 6.61158e-07
751.945 6.63888e-07
752.068 6.63188e-07
752.19 6.63951e-07
752.313 6.559e-07
752.435 6.44705e-07
752.558 6.38461e-07
752.681 6.43457e-07
752.803 6.4983e-07
752.926 6.60113e-07
753.049 6.6317e-07
753.171 6.50184e-07
753.294 6.42014e-07
753.416 6.39911e-07
753.539 6.57107e-07
753.661 6.61877e-07
753.784 6.64719e-07
753.906 6.64666e-07
754.029 6.64358e-07
754.151 6.62341e-07
754.274 6.60599e-07
754.396 6.59988e-07
754.519 6.62239e-07
754.641 6.59534e-07
754.764 6.52743e-07
754.886 6.46876e-07
755.009 6.54332e-07
755.131 6.59766e-07
755.254 6.63371e-07
755.376 6.61981e-07
755.498 6.59813e-07
755.621 6.46995e-07
755.743 6.4125e-07
755.866 6.42038e-07
755.988 6.55024e-07
756.11 6.51719e-07
756.233 6.53599e-07
756.355 6.55967e-07
756.477 6.59086e-07
756.599 6.58512e-07
756.722 6.60705e-07
756.844 6.57354e-07
756.966 6.46675e-07
757.089 6.41772e-07
757.211 6.47636e-07
757.333 6.60608e-07
757.455 6.51162e-07
757.578 6.45367e-07
757.7 6.47142e-07
757.822 6.58469e-07
757.944 6.608e-07
758.066 6.5867e-07
758.188 6.59901e-07
758.311 6.56612e-07
758.433 6.45308e-07
758.555 6.3897e-07
758.677 6.19997e-07
758.799 6.24807e-07
758.921 6.26417e-07
759.043 6.43711e-07
759.165 6.45971e-07
759.287 6.46223e-07
759.409 5.93623e-07
759.532 4.18504e-07
759.654 2.12025e-07
759.776 8.30694e-08
759.898 5.92666e-08
760.02 5.54593e-08
760.142 4.22031e-08
760.264 2.79473e-08
760.386 1.9338e-08
760.508 1.35978e-08
760.629 1.21326e-08
760.751 1.05473e-08
760.873 1.27427e-08
760.995 1.5868e-08
761.117 2.00342e-08
761.239 3.34312e-08
761.361 3.96662e-08
761.483 7.97991e-08
761.605 9.84795e-08
761.727 1.50415e-07
761.848 2.6912e-07
761.97 4.24935e-07
762.092 4.65505e-07
762.214 3.45406e-07
762.336 2.52907e-07
762.458 1.66084e-07
762.579 1.34363e-07
762.701 1.36788e-07
762.823 1.32265e-07
762.945 1.07015e-07
763.066 1.2589e-07
763.188 1.37148e-07
763.31 1.09413e-07
763.431 1.21129e-07
763.553 1.63235e-07
763.675 1.4479e-07
763.797 1.14141e-07
763.918 1.86949e-07
764.04 2.08377e-07
764.161 1.496e-07
764.283 1.62678e-07
764.405 2.60721e-07
764.526 2.53956e-07
764.648 1.71956e-07
764.769 2.19909e-07
764.891 3.37327e-07
765.013 3.08763e-07
765.134 2.12627e-07
765.256 2.65269e-07
765.377 4.06091e-07
765.499 3.88169e-07
765.62 2.76729e-07
765.742 2.97038e-07
765.863 4.27408e-07
765.985 4.65017e-07
766.106 3.49037e-07
766.228 3.19714e-07
766.349 4.30398e-07
766.471 5.39793e-07
766.592 4.70238e-07
766.713 3.84539e-07
766.835 4.30787e-07
766.956 5.53948e-07
767.078 5.90313e-07
767.199 5.03167e-07
767.32 4.61274e-07
767.442 5.16517e-07
767.563 6.12865e-07
767.684 6.21702e-07
767.806 5.54422e-07
767.927 5.2331e-07
768.048 5.57874e-07
768.169 6.16448e-07
768.291 6.2372e-07
768.412 5.84435e-07
768.533 5.65683e-07
768.654 5.89128e-07
768.776 6.37558e-07
768.897 6.46747e-07
769.018 6.11887e-07
769.139 5.83081e-07
769.26 5.71681e-07
769.382 6.06764e-07
769.503 6.34512e-07
769.624 6.41094e-07
769.745 6.19555e-07
769.866 6.11008e-07
769.987 6.04984e-07
770.108 6.21441e-07
770.229 6.32389e-07
770.351 6.47533e-07
770.472 6.39757e-07
770.593 6.41567e-07
770.714 6.5247e-07
770.835 6.62292e-07
770.956 6.64539e-07
771.077 6.50803e-07
771.198 6.34599e-07
771.319 6.28492e-07
771.44 6.36009e-07
771.561 6.30309e-07
771.682 6.26432e-07
771.803 6.33084e-07
771.924 6.47995e-07
772.044 6.509e-07
772.165 6.52636e-07
772.286 6.51069e-07
772.407 6.46082e-07
772.528 6.45473e-07
772.649 6.46586e-07
772.77 6.50294e-07
772.891 6.41502e-07
773.011 6.43146e-07
773.132 6.51069e-07
773.253 6.57405e-07
773.374 6.57225e-07
773.495 6.53765e-07
773.615 6.54729e-07
773.736 6.59602e-07
773.857 6.60255e-07
773.978 6.63124e-07
774.098 6.61134e-07
774.219 6.60259e-07
774.34 6.4667e-07
774.461 6.39636e-07
774.581 6.37641e-07
774.702 6.50624e-07
774.823 6.50335e-07
774.943 6.28297e-07
775.064 6.21488e-07
775.184 6.23865e-07
775.305 6.47084e-07
775.426 6.54367e-07
775.546 6.59999e-07
775.667 6.61316e-07
775.787 6.59544e-07
775.908 6.59339e-07
776.029 6.58802e-07
776.149 6.55169e-07
776.27 6.53828e-07
776.39 6.5715e-07
776.511 6.6121e-07
776.631 6.60542e-07
776.752 6.62374e-07
776.872 6.61083e-07
776.992 6.6247e-07
777.113 6.6187e-07
777.233 6.55821e-07
777.354 6.4616e-07
777.474 6.40021e-07
777.595 6.38141e-07
777.715 6.39954e-07
777.835 6.48897e-07
777.956 6.57637e-07
778.076 6.51094e-07
778.196 6.3405e-07
778.317 6.33881e-07
778.437 6.47297e-07
778.557 6.60638e-07
778.678 6.61192e-07
778.798 6.61402e-07
778.918 6.54999e-07
779.038 6.43609e-07
779.159 6.41252e-07
779.279 6.52416e-07
779.399 6.59907e-07
779.519 6.60355e-07
779.64 6.59632e-07
779.76 6.5842e-07
779.88 6.46801e-07
780 6.39891e-07
780.12 6.35131e-07
780.24 6.43589e-07
780.361 6.49046e-07
780.481 6.55488e-07
780.601 6.57162e-07
780.721 6.60337e-07
780.841 6.54123e-07
780.961 6.47782e-07
781.081 6.45537e-07
781.201 6.43616e-07
781.321 6.42865e-07
781.441 6.48913e-07
781.561 6.56717e-07
781.681 6.59365e-07
781.801 6.59924e-07
781.921 6.58811e-07
782.041 6.60277e-07
782.161 6.59213e-07
782.281 6.5797e-07
782.401 6.58816e-07
782.521 6.59063e-07
782.641 6.59865e-07
782.761 6.56283e-07
782.881 6.55803e-07
783.001 6.54704e-07
783.12 6.57202e-07
783.24 6.45828e-07
783.36 6.23799e-07
783.48 6.21897e-07
783.6 6.27734e-07
783.72 6.30436e-07
2300.48 7.91577e-08
2300.56 7.91638e-08
2300.64 7.02712e-08
2300.73 5.93205e-08
2300.81 6.24318e-08
2300.9 6.72907e-08
2300.98 7.76789e-08
2301.06 8.30567e-08
2301.15 8.92141e-08
2301.23 9.54331e-08
2301.31 1.02966e-07
2301.4 1.07754e-07
2301.48 1.04625e-07
2301.56 1.00983e-07
2301.65 1.02473e-07
2301.73 1.0148e-07
2301.81 9.92532e-08
2301.9 1.01915e-07
2301.98 1.08904e-07
2302.07 1.03441e-07
2302.15 8.71511e-08
2302.23 7.80392e-08
2302.32 8.51027e-08
2302.4 9.84782e-08
2302.49 1.01537e-07
2302.57 9.32536e-08
2302.65 8.0484e-08
2302.74 7.25827e-08
2302.82 7.68344e-08
2302.91 9.01199e-08
2302.99 1.00701e-07
2303.07 1.01737e-07
2303.16 1.02191e-07
2303.24 1.02057e-07
2303.33 9.77674e-08
2303.41 8.93181e-08
2303.49 7.56112e-08
2303.58 6.12891e-08
2303.66 5.86978e-08
2303.75 6.16916e-08
2303.83 6.26881e-08
2303.91 6.18869e-08
2304 7.60365e-08
2304.08 9.09252e-08
2304.17 9.82611e-08
2304.25 9.68751e-08
2304.34 8.39801e-08
2304.42 6.02591e-08
2304.5 5.18482e-08
2304.59 6.30111e-08
2304.67 7.77523e-08
2304.76 8.51884e-08
2304.84 8.70375e-08
2304.93 7.95729e-08
2305.01 8.14462e-08
2305.1 9.43627e-08
2305.18 1.09324e-07
2305.27 1.12239e-07
2305.35 1.04262e-07
2305.43 8.40743e-08
2305.52 6.86774e-08
2305.6 7.31971e-08
2305.69 8.94453e-08
2305.77 9.83279e-08
2305.86 1.02412e-07
2305.94 9.94235e-08
2306.03 8.868e-08
2306.11 8.4123e-08
2306.2 9.3857e-08
2306.28 1.01011e-07
2306.37 1.01269e-07
2306.45 9.74434e-08
2306.54 8.54194e-08
2306.62 7.78927e-08
2306.71 8.55614e-08
2306.79 9.91767e-08
2306.88 1.0143e-07
2306.96 9.95746e-08
2307.05 1.01502e-07
2307.13 1.05295e-07
2307.22 1.11138e-07
2307.3 1.10749e-07
2307.39 9.97861e-08
2307.47 7.34305e-08
2307.56 5.02765e-08
2307.64 4.81468e-08
2307.73 7.19686e-08
2307.81 9.42569e-08
2307.9 1.05624e-07
2307.98 1.03031e-07
2308.07 9.78827e-08
2308.15 1.00071e-07
2308.24 1.05335e-07
2308.32 1.04552e-07
2308.41 1.02786e-07
2308.49 1.07044e-07
2308.58 1.1274e-07
2308.66 1.12309e-07
2308.75 1.07341e-07
2308.83 1.02374e-07
2308.92 9.6399e-08
2309.01 9.47206e-08
2309.09 9.83828e-08
2309.18 1.06635e-07
2309.26 1.09232e-07
2309.35 1.00523e-07
2309.43 8.88094e-08
2309.52 8.95226e-08
2309.6 9.38158e-08
2309.69 9.07378e-08
2309.78 9.41411e-08
2309.86 1.03468e-07
2309.95 1.01407e-07
2310.03 9.37055e-08
2310.12 9.39792e-08
2310.2 1.03422e-07
2310.29 1.09299e-07
2310.38 1.12098e-07
2310.46 1.14316e-07
2310.55 1.16766e-07
2310.63 1.16651e-07
2310.72 1.15646e-07
2310.8 1.15151e-07
2310.89 1.15619e-07
2310.98 1.16338e-07
2311.06 1.17526e-07
2311.15 1.17265e-07
2311.23 1.16057e-07
2311.32 1.15452e-07
2311.41 1.16025e-07
2311.49 1.15288e-07
2311.58 1.10272e-07
2311.66 1.03275e-07
2311.75 1.04201e-07
2311.84 1.09228e-07
2311.92 1.10794e-07
2312.01 1.09244e-07
2312.09 1.00903e-07
2312.18 8.64093e-08
2312.27 8.69217e-08
2312.35 1.01309e-07
2312.44 1.12733e-07
2312.53 1.14579e-07
2312.61 1.16094e-07
2312.7 1.17096e-07
2312.78 1.17108e-07
2312.87 1.16563e-07
2312.96 1.16794e-07
2313.04 1.17077e-07
2313.13 1.16833e-07
2313.22 1.16854e-07
2313.3 1.17194e-07
2313.39 1.17292e-07
2313.48 1.16292e-07
2313.56 1.15154e-07
2313.65 1.14627e-07
2313.73 1.1416e-07
2313.82 1.14799e-07
2313.91 1.1626e-07
2313.99 1.16429e-07
2314.08 1.15808e-07
2314.17 1.16495e-07
2314.25 1.16621e-07
2314.34 1.16893e-07
2314.43 1.16646e-07
2314.51 1.17034e-07
2314.6 1.15791e-07
2314.69 1.13522e-07
2314.77 1.10627e-07
2314.86 1.08017e-07
2314.95 9.99945e-08
2315.03 9.40457e-08
2315.12 9.59595e-08
2315.21 1.05947e-07
2315.29 1.11778e-07
2315.38 1.13121e-07
2315.47 1.13431e-07
2315.56 1.1363e-07
2315.64 1.10499e-07
2315.73 1.02115e-07
2315.82 9.0793e-08
2315.9 8.01146e-08
2315.99 6.97104e-08
2316.08 6.04092e-08
2316.16 5.42239e-08
2316.25 5.46991e-08
2316.34 6.11126e-08
2316.43 6.09111e-08
2316.51 5.40783e-08
2316.6 3.89398e-08
2316.69 3.30848e-08
2316.77 3.06173e-08
2316.86 2.8666e-08
2316.95 2.12205e-08
2317.04 2.06845e-08
2317.12 1.91113e-08
2317.21 2.15794e-08
2317.3 2.4434e-08
2317.38 4.03239e-08
2317.47 5.57849e-08
2317.56 6.40012e-08
2317.65 5.26647e-08
2317.73 3.87764e-08
2317.82 3.10832e-08
2317.91 3.24174e-08
2318 3.71818e-08
2318.08 4.26048e-08
2318.17 4.75322e-08
2318.26 4.63018e-08
2318.35 5.2943e-08
2318.43 5.6571e-08
2318.52 5.12699e-08
2318.61 4.37316e-08
2318.7 4.85954e-08
2318.78 5.83566e-08
2318.87 7.46235e-08
2318.96 8.39384e-08
2319.05 8.29708e-08
2319.13 7.37478e-08
2319.22 7.00335e-08
2319.31 7.51286e-08
2319.4 8.41625e-08
2319.48 8.10404e-08
2319.57 6.7074e-08
2319.66 6.46362e-08
2319.75 7.45745e-08
2319.84 7.77375e-08
2319.92 7.05887e-08
2320.01 7.5844e-08
2320.1 8.71396e-08
2320.19 8.84033e-08
2320.27 8.17991e-08
2320.36 7.74827e-08
2320.45 8.17169e-08
2320.54 9.02076e-08
2320.63 8.74412e-08
2320.71 7.59277e-08
2320.8 6.91846e-08
2320.89 7.14655e-08
2320.98 7.98518e-08
2321.07 8.70559e-08
2321.15 8.95302e-08
2321.24 9.56288e-08
2321.33 1.00946e-07
2321.42 9.33279e-08
2321.51 8.19048e-08
2321.59 8.23753e-08
2321.68 8.86123e-08
2321.77 7.84475e-08
2321.86 5.26419e-08
2321.95 2.74579e-08
2322.04 2.58473e-08
2322.12 4.57146e-08
2322.21 7.3652e-08
2322.3 9.15663e-08
2322.39 9.4939e-08
2322.48 8.14657e-08
2322.57 5.69292e-08
2322.65 3.43958e-08
2322.74 3.51762e-08
2322.83 5.44873e-08
2322.92 7.11947e-08
2323.01 7.2569e-08
2323.1 5.93468e-08
2323.18 3.92668e-08
2323.27 2.80434e-08
2323.36 4.48505e-08
2323.45 7.3073e-08
2323.54 9.21555e-08
2323.63 9.45589e-08
2323.72 8.99028e-08
2323.8 7.8037e-08
2323.89 6.6363e-08
2323.98 6.68059e-08
2324.07 7.82972e-08
2324.16 8.91857e-08
2324.25 9.73169e-08
2324.34 1.00303e-07
2324.43 1.00878e-07
2324.51 1.00446e-07
2324.6 1.02506e-07
2324.69 1.05826e-07
2324.78 1.04298e-07
2324.87 9.96863e-08
2324.96 9.832e-08
2325.05 9.97864e-08
2325.14 9.88215e-08
2325.22 9.33242e-08
2325.31 8.10445e-08
2325.4 6.77677e-08
2325.49 6.58295e-08
2325.58 7.05668e-08
2325.67 7.03472e-08
2325.76 7.96916e-08
2325.85 9.395e-08
2325.94 1.06486e-07
2326.02 1.08614e-07
2326.11 1.0686e-07
2326.2 1.02847e-07
2326.29 9.77915e-08
2326.38 8.33275e-08
2326.47 7.52947e-08
2326.56 7.81987e-08
2326.65 8.98926e-08
2326.74 9.49466e-08
2326.83 9.39288e-08
2326.92 9.42543e-08
2327.01 9.97446e-08
2327.09 1.045e-07
2327.18 1.07053e-07
2327.27 1.06932e-07
2327.36 1.0666e-07
2327.45 1.04038e-07
2327.54 1.03107e-07
2327.63 9.99162e-08
2327.72 9.73983e-08
2327.81 9.3615e-08
2327.9 9.44873e-08
2327.99 9.74185e-08
2328.08 1.02493e-07
2328.17 1.03478e-07
2328.26 1.02696e-07
2328.35 9.52511e-08
2328.44 7.0505e-08
2328.52 3.81896e-08
2328.61 3.12525e-08
2328.7 5.76719e-08
2328.79 8.53868e-08
2328.88 9.56642e-08
2328.97 9.37992e-08
2329.06 8.44166e-08
2329.15 8.44408e-08
2329.24 8.6749e-08
2329.33 8.00263e-08
2329.42 7.92257e-08
2329.51 8.76449e-08
2329.6 8.99687e-08
2329.69 9.21253e-08
2329.78 1.0126e-07
2329.87 1.07457e-07
2329.96 1.09194e-07
2330.05 1.09311e-07
2330.14 1.04411e-07
2330.23 9.89394e-08
2330.32 1.00109e-07
2330.41 1.04224e-07
2330.5 1.01404e-07
2330.59 8.99581e-08
2330.68 8.73693e-08
2330.77 9.04689e-08
2330.86 8.1414e-08
2330.95 7.54228e-08
2331.04 8.02994e-08
2331.13 8.10613e-08
2331.22 7.16337e-08
2331.31 7.84942e-08
2331.4 9.28023e-08
2331.49 9.71543e-08
2331.58 8.11519e-08
2331.67 5.7377e-08
2331.76 4.48303e-08
2331.85 5.41077e-08
2331.94 6.8405e-08
2332.03 8.17039e-08
2332.12 8.44561e-08
2332.21 7.73263e-08
2332.3 7.3117e-08
2332.39 8.35051e-08
2332.48 9.43179e-08
2332.57 9.42215e-08
2332.66 9.00644e-08
2332.75 8.61997e-08
2332.84 8.15669e-08
2332.93 8.18501e-08
2333.02 9.21076e-08
2333.11 1.01573e-07
2333.2 1.05177e-07
2333.29 1.03992e-07
2333.38 1.02732e-07
2333.47 1.00706e-07
2333.56 9.58215e-08
2333.65 9.1913e-08
2333.74 9.05301e-08
2333.83 9.2294e-08
2333.93 8.09255e-08
2334.02 6.75559e-08
2334.11 7.05498e-08
2334.2 8.86261e-08
2334.29 9.49705e-08
2334.38 9.23811e-08
2334.47 8.26528e-08
2334.56 8.28865e-08
2334.65 8.98751e-08
2334.74 8.88355e-08
2334.83 7.33338e-08
2334.92 5.87856e-08
2335.01 5.66959e-08
2335.1 5.60898e-08
2335.19 5.83749e-08
2335.28 6.95456e-08
2335.38 8.56136e-08
2335.47 8.80025e-08
2335.56 8.61269e-08
2335.65 9.16792e-08
2335.74 9.92336e-08
2335.83 9.56515e-08
2335.92 8.23018e-08
2336.01 6.55299e-08
2336.1 5.55431e-08
2336.19 6.13935e-08
2336.28 7.33989e-08
2336.37 8.66886e-08
2336.47 9.66936e-08
2336.56 9.57933e-08
2336.65 9.07589e-08
2336.74 8.94085e-08
2336.83 8.76321e-08
2336.92 8.50593e-08
2337.01 9.28073e-08
2337.1 1.00165e-07
2337.19 1.00422e-07
2337.29 9.86457e-08
2337.38 9.18769e-08
2337.47 8.87367e-08
2337.56 9.19419e-08
2337.65 9.64297e-08
2337.74 9.58888e-08
2337.83 9.35408e-08
2337.92 8.92543e-08
2338.01 8.91167e-08
2338.11 8.15731e-08
2338.2 6.12694e-08
2338.29 4.41649e-08
2338.38 4.85375e-08
2338.47 6.35904e-08
2338.56 6.26555e-08
2338.65 5.49785e-08
2338.74 5.16109e-08
2338.84 4.40293e-08
2338.93 3.85781e-08
2339.02 5.08501e-08
2339.11 6.65516e-08
2339.2 7.87562e-08
2339.29 8.87762e-08
2339.38 9.06408e-08
2339.48 7.91099e-08
2339.57 6.71913e-08
2339.66 6.40194e-08
2339.75 6.86182e-08
2339.84 5.80652e-08
2339.93 3.65977e-08
2340.03 2.54775e-08
2340.12 2.76839e-08
2340.21 3.74319e-08
2340.3 3.69163e-08
2340.39 2.83806e-08
2340.48 3.69728e-08
2340.58 6.3143e-08
2340.67 7.7316e-08
2340.76 7.38996e-08
2340.85 6.77157e-08
2340.94 6.22625e-08
2341.03 4.9719e-08
2341.13 3.18447e-08
2341.22 2.80748e-08
2341.31 3.66235e-08
2341.4 4.26463e-08
2341.49 4.49309e-08
2341.58 5.56112e-08
2341.68 6.5598e-08
2341.77 7.37962e-08
2341.86 7.34396e-08
2341.95 5.52195e-08
2342.04 2.69606e-08
2342.14 2.42809e-08
2342.23 5.13952e-08
2342.32 7.83058e-08
2342.41 8.33852e-08
2342.5 7.05496e-08
2342.6 7.08675e-08
2342.69 8.50183e-08
2342.78 8.61587e-08
2342.87 8.23528e-08
2342.96 8.20782e-08
2343.06 8.57669e-08
2343.15 8.69666e-08
2343.24 7.6798e-08
2343.33 6.68678e-08
2343.42 6.3528e-08
2343.52 6.63402e-08
2343.61 6.83075e-08
2343.7 6.81937e-08
2343.79 5.36202e-08
2343.89 5.4582e-08
2343.98 7.48699e-08
2344.07 9.29705e-08
2344.16 9.81029e-08
2344.25 9.89429e-08
2344.35 9.40774e-08
2344.44 8.39716e-08
2344.53 7.51989e-08
2344.62 7.3743e-08
2344.72 6.40658e-08
2344.81 5.15739e-08
2344.9 3.97729e-08
2344.99 3.1456e-08
2345.09 2.68536e-08
2345.18 4.03849e-08
2345.27 6.0391e-08
2345.36 6.06155e-08
2345.46 5.3504e-08
2345.55 5.84339e-08
2345.64 6.57021e-08
2345.73 6.75786e-08
2345.83 6.52459e-08
2345.92 6.07853e-08
2346.01 6.83508e-08
2346.1 8.02374e-08
2346.2 9.27142e-08
2346.29 9.34166e-08
2346.38 8.38798e-08
2346.47 6.52012e-08
2346.57 6.27657e-08
2346.66 6.71931e-08
2346.75 5.34361e-08
2346.84 4.2338e-08
2346.94 5.71096e-08
2347.03 7.7327e-08
2347.12 7.85615e-08
2347.22 7.36545e-08
2347.31 7.31577e-08
2347.4 6.95976e-08
2347.49 5.33569e-08
2347.59 3.6317e-08
2347.68 3.63608e-08
2347.77 4.92357e-08
2347.87 6.24601e-08
2347.96 6.14864e-08
2348.05 4.70337e-08
2348.14 2.91196e-08
2348.24 3.47608e-08
2348.33 5.49973e-08
2348.42 5.67229e-08
2348.52 4.687e-08
2348.61 5.54731e-08
2348.7 7.55989e-08
2348.79 8.00999e-08
2348.89 8.49464e-08
2348.98 8.98775e-08
2349.07 8.18988e-08
2349.17 7.44013e-08
2349.26 6.27353e-08
2349.35 5.41678e-08
2349.45 5.88993e-08
2349.54 7.30764e-08
2349.63 6.74554e-08
2349.73 4.06582e-08
2349.82 2.31526e-08
2349.91 3.31744e-08
2350.01 5.71787e-08
2350.1 7.39928e-08
2350.19 7.76894e-08
2350.29 6.53796e-08
2350.38 4.02959e-08
2350.47 2.44393e-08
2350.57 3.52988e-08
2350.66 4.87755e-08
2350.75 4.38771e-08
2350.85 3.0055e-08
2350.94 1.87576e-08
2351.03 2.30452e-08
2351.13 4.94348e-08
2351.22 7.35526e-08
2351.31 8.10019e-08
2351.41 7.47531e-08
2351.5 5.63175e-08
2351.59 2.86848e-08
2351.69 1.09282e-08
2351.78 1.88158e-08
2351.87 3.47957e-08
2351.97 3.83448e-08
2352.06 3.00585e-08
2352.15 3.10542e-08
2352.25 3.26191e-08
2352.34 2.19982e-08
2352.43 8.48603e-09
2352.53 2.65051e-09
2352.62 7.03691e-09
2352.72 2.29835e-08
2352.81 4.48728e-08
2352.9 6.12905e-08
2353 6.65918e-08
2353.09 7.58542e-08
2353.18 6.58968e-08
2353.28 4.84608e-08
2353.37 3.73162e-08
2353.47 4.07007e-08
2353.56 3.81236e-08
2353.65 4.21e-08
2353.75 5.75281e-08
2353.84 8.08252e-08
2353.93 8.77574e-08
2354.03 8.69284e-08
2354.12 8.58673e-08
2354.22 8.71541e-08
2354.31 8.80585e-08
2354.4 8.29296e-08
2354.5 7.85258e-08
2354.59 7.25413e-08
2354.69 7.00731e-08
2354.78 6.93188e-08
2354.87 6.43013e-08
2354.97 6.45722e-08
2355.06 7.59643e-08
2355.16 8.15285e-08
2355.25 7.60016e-08
2355.34 7.84493e-08
2355.44 8.64214e-08
2355.53 8.82208e-08
2355.63 8.65226e-08
2355.72 6.93311e-08
2355.81 4.11898e-08
2355.91 2.25946e-08
2356 2.07836e-08
2356.1 2.92975e-08
2356.19 3.5328e-08
2356.28 4.4734e-08
2356.38 6.448e-08
2356.47 8.17162e-08
2356.57 8.94017e-08
2356.66 9.09116e-08
2356.76 7.90955e-08
2356.85 5.23837e-08
2356.94 3.9762e-08
2357.04 5.44462e-08
2357.13 7.42371e-08
2357.23 6.70379e-08
2357.32 5.54646e-08
2357.42 6.31031e-08
2357.51 8.10342e-08
2357.6 8.61196e-08
2357.7 8.80813e-08
2357.79 9.01656e-08
2357.89 8.4518e-08
2357.98 6.88444e-08
2358.08 6.1794e-08
2358.17 6.99144e-08
2358.27 6.52725e-08
2358.36 4.1534e-08
2358.45 1.83838e-08
2358.55 1.1349e-08
2358.64 1.47578e-08
2358.74 1.59959e-08
2358.83 1.1861e-08
2358.93 1.74838e-08
2359.02 4.37368e-08
2359.12 7.26962e-08
2359.21 8.67475e-08
2359.31 9.30792e-08
2359.4 9.64913e-08
2359.5 9.761e-08
2359.59 9.87415e-08
2359.68 9.96407e-08
2359.78 9.95169e-08
2359.87 9.68835e-08
2359.97 9.49068e-08
2360.06 9.32753e-08
2360.16 9.23491e-08
2360.25 9.04419e-08
2360.35 9.12266e-08
2360.44 9.50209e-08
2360.54 9.77006e-08
2360.63 9.62269e-08
2360.73 9.26206e-08
2360.82 9.14107e-08
2360.92 9.1736e-08
2361.01 9.26981e-08
2361.11 9.62192e-08
2361.2 9.71031e-08
2361.3 9.63045e-08
2361.39 9.42049e-08
2361.49 8.13768e-08
2361.58 5.2716e-08
2361.68 3.22891e-08
2361.77 4.30978e-08
2361.87 6.61661e-08
2361.96 7.54898e-08
2362.06 8.47786e-08
2362.15 9.62389e-08
2362.25 9.88854e-08
2362.34 9.63567e-08
2362.44 9.21139e-08
2362.53 9.13269e-08
2362.63 9.05547e-08
2362.72 8.97014e-08
2362.82 9.2933e-08
2362.91 9.71515e-08
2363.01 9.77254e-08
2363.1 9.27492e-08
2363.2 8.68067e-08
2363.29 7.37593e-08
2363.39 5.89198e-08
2363.48 6.17608e-08
2363.58 7.61e-08
2363.67 8.20531e-08
2363.77 7.28213e-08
2363.86 4.62727e-08
2363.96 1.78405e-08
2364.06 1.33555e-08
2364.15 3.47827e-08
2364.25 6.08555e-08
2364.34 7.3654e-08
2364.44 6.80319e-08
2364.53 5.32973e-08
2364.63 5.86077e-08
2364.72 8.01246e-08
2364.82 8.47506e-08
2364.91 8.50311e-08
2365.01 9.10343e-08
2365.11 9.19646e-08
2365.2 8.76572e-08
2365.3 9.0176e-08
2365.39 9.42936e-08
2365.49 9.23143e-08
2365.58 9.1779e-08
2365.68 9.66915e-08
2365.77 9.93527e-08
2365.87 9.96168e-08
2365.97 9.87555e-08
2366.06 9.54257e-08
2366.16 7.79006e-08
2366.25 5.27649e-08
2366.35 5.46462e-08
2366.44 7.75746e-08
2366.54 8.72368e-08
2366.63 8.9008e-08
2366.73 9.18412e-08
2366.83 9.12216e-08
2366.92 8.72049e-08
2367.02 7.70577e-08
2367.11 5.48421e-08
2367.21 2.59741e-08
2367.3 1.57025e-08
2367.4 2.56494e-08
2367.5 2.77914e-08
2367.59 2.49106e-08
2367.69 2.90848e-08
2367.78 3.60419e-08
2367.88 5.56015e-08
2367.98 7.55319e-08
2368.07 8.15907e-08
2368.17 8.36181e-08
2368.26 8.54943e-08
2368.36 7.93174e-08
2368.46 6.22303e-08
2368.55 5.3601e-08
2368.65 5.58055e-08
2368.74 5.32218e-08
2368.84 3.89885e-08
2368.94 2.008e-08
2369.03 1.48976e-08
2369.13 3.39778e-08
2369.22 5.25221e-08
2369.32 6.25439e-08
2369.42 7.41617e-08
2369.51 8.26881e-08
2369.61 8.42049e-08
2369.7 7.89161e-08
2369.8 6.67643e-08
2369.9 6.00562e-08
2369.99 5.61178e-08
2370.09 4.0279e-08
2370.19 2.55674e-08
2370.28 2.19921e-08
2370.38 1.51945e-08
2370.47 5.63412e-09
2370.57 3.60153e-09
2370.67 2.30032e-09
2370.76 3.51092e-09
2370.86 1.06672e-08
2370.96 1.94863e-08
2371.05 1.88413e-08
2371.15 1.17826e-08
2371.24 7.33194e-09
2371.34 3.31292e-09
2371.44 2.11811e-09
2371.53 3.0092e-09
2371.63 4.42311e-09
2371.73 7.92766e-09
2371.82 1.55317e-08
2371.92 2.71386e-08
2372.02 4.1955e-08
2372.11 4.28708e-08
2372.21 3.87757e-08
2372.3 4.67545e-08
2372.4 4.86155e-08
2372.5 4.3282e-08
2372.59 4.21363e-08
2372.69 4.46836e-08
2372.79 3.28751e-08
2372.88 2.64126e-08
2372.98 3.13292e-08
2373.08 4.67206e-08
2373.17 6.55693e-08
2373.27 7.43395e-08
2373.37 8.08492e-08
2373.46 8.46269e-08
2373.56 6.68882e-08
2373.66 5.13555e-08
2373.75 4.90435e-08
2373.85 5.62998e-08
2373.95 6.34655e-08
2374.04 7.58354e-08
2374.14 8.5979e-08
2374.24 9.02282e-08
2374.33 8.68347e-08
2374.43 8.13777e-08
2374.53 7.25735e-08
2374.62 7.1338e-08
2374.72 7.11792e-08
2374.82 6.88157e-08
2374.91 6.06069e-08
2375.01 6.55858e-08
2375.11 7.7753e-08
2375.21 8.26571e-08
2375.3 6.65641e-08
2375.4 5.99032e-08
2375.5 7.29133e-08
2375.59 8.51963e-08
2375.69 8.73731e-08
2375.79 8.76829e-08
2375.88 8.51512e-08
2375.98 7.86165e-08
2376.08 6.58546e-08
2376.18 5.25447e-08
2376.27 4.20555e-08
2376.37 2.68867e-08
2376.47 1.60193e-08
2376.56 1.51531e-08
2376.66 1.06967e-08
2376.76 1.03335e-08
2376.85 1.8003e-08
2376.95 2.84353e-08
2377.05 4.62143e-08
2377.15 5.50877e-08
2377.24 5.10505e-08
2377.34 4.2304e-08
2377.44 4.26867e-08
2377.53 4.46693e-08
2377.63 5.27577e-08
2377.73 6.1894e-08
2377.83 6.04209e-08
2377.92 4.61594e-08
2378.02 2.53056e-08
2378.12 8.97301e-09
2378.22 2.3906e-09
2378.31 2.39104e-09
2378.41 9.29076e-09
2378.51 2.60717e-08
2378.6 4.65607e-08
2378.7 6.09416e-08
2378.8 6.69253e-08
2378.9 6.97655e-08
2378.99 7.02759e-08
2379.09 7.07994e-08
2379.19 7.45053e-08
2379.29 7.95676e-08
2379.38 7.63848e-08
2379.48 6.58475e-08
2379.58 4.79139e-08
2379.68 2.92233e-08
2379.77 3.22694e-08
2379.87 4.25924e-08
2379.97 5.07225e-08
2380.07 5.66595e-08
2380.16 5.25413e-08
2380.26 5.28436e-08
2380.36 5.98602e-08
2380.46 4.46896e-08
2380.55 3.83929e-08
2380.65 5.19849e-08
2380.75 4.69272e-08
2380.85 2.79655e-08
2380.94 3.39612e-08
2381.04 6.00665e-08
2381.14 7.85234e-08
2381.24 8.52297e-08
2381.33 8.32829e-08
2381.43 8.26132e-08
2381.53 8.4844e-08
2381.63 8.48235e-08
2381.73 8.5246e-08
2381.82 8.75143e-08
2381.92 8.85668e-08
2382.02 8.89447e-08
2382.12 8.19567e-08
2382.21 7.01909e-08
2382.31 6.77137e-08
2382.41 7.01412e-08
2382.51 5.6606e-08
2382.61 3.90106e-08
2382.7 4.67692e-08
2382.8 6.55832e-08
2382.9 6.24287e-08
2383 4.09856e-08
2383.1 2.98153e-08
2383.19 2.62943e-08
2383.29 1.35125e-08
2383.39 3.76968e-09
2383.49 6.90729e-09
2383.59 1.97295e-08
2383.68 3.16891e-08
2383.78 3.05122e-08
2383.88 1.81741e-08
2383.98 6.08232e-09
2384.08 1.67757e-09
2384.17 3.77847e-09
2384.27 1.07539e-08
2384.37 1.46945e-08
2384.47 1.34845e-08
2384.57 1.9397e-08
2384.66 3.63697e-08
2384.76 4.99567e-08
2384.86 6.0992e-08
2384.96 6.97994e-08
2385.06 7.16424e-08
2385.15 7.15478e-08
2385.25 7.27141e-08
2385.35 6.83624e-08
2385.45 5.91113e-08
2385.55 5.6145e-08
2385.65 5.75892e-08
2385.74 4.94021e-08
2385.84 2.95743e-08
2385.94 1.09804e-08
2386.04 3.48932e-09
2386.14 7.86696e-09
2386.24 1.93414e-08
2386.33 2.57079e-08
2386.43 3.04391e-08
2386.53 3.63201e-08
2386.63 3.81199e-08
2386.73 3.15399e-08
2386.83 4.05784e-08
2386.92 6.36436e-08
2387.02 7.53785e-08
2387.12 7.58076e-08
2387.22 7.62362e-08
2387.32 7.19332e-08
2387.42 5.70913e-08
2387.51 4.56966e-08
2387.61 4.43985e-08
2387.71 4.8787e-08
2387.81 5.40528e-08
2387.91 4.17867e-08
2388.01 2.19741e-08
2388.11 7.21333e-09
2388.2 2.73335e-09
2388.3 7.53558e-09
2388.4 2.23579e-08
