2300.48 7.91577e-08
2300.56 7.91638e-08
2300.64 7.02712e-08
2300.73 5.93205e-08
2300.81 6.24318e-08
2300.9 6.72907e-08
2300.98 7.76789e-08
2301.06 8.30567e-08
2301.15 8.92141e-08
2301.23 9.54331e-08
2301.31 1.02966e-07
2301.4 1.07754e-07
2301.48 1.04625e-07
2301.56 1.00983e-07
2301.65 1.02473e-07
2301.73 1.0148e-07
2301.81 9.92532e-08
2301.9 1.01915e-07
2301.98 1.08904e-07
2302.07 1.03441e-07
2302.15 8.71511e-08
2302.23 7.80392e-08
2302.32 8.51027e-08
2302.4 9.84782e-08
2302.49 1.01537e-07
2302.57 9.32536e-08
2302.65 8.0484e-08
2302.74 7.25827e-08
2302.82 7.68344e-08
2302.91 9.01199e-08
2302.99 1.00701e-07
2303.07 1.01737e-07
2303.16 1.02191e-07
2303.24 1.02057e-07
2303.33 9.77674e-08
2303.41 8.93181e-08
2303.49 7.56112e-08
2303.58 6.12891e-08
2303.66 5.86978e-08
2303.75 6.16916e-08
2303.83 6.26881e-08
2303.91 6.18869e-08
2304 7.60365e-08
2304.08 9.09252e-08
2304.17 9.82611e-08
2304.25 9.68751e-08
2304.34 8.39801e-08
2304.42 6.02591e-08
2304.5 5.18482e-08
2304.59 6.30111e-08
2304.67 7.77523e-08
2304.76 8.51884e-08
2304.84 8.70375e-08
2304.93 7.95729e-08
2305.01 8.14462e-08
2305.1 9.43627e-08
2305.18 1.09324e-07
2305.27 1.12239e-07
2305.35 1.04262e-07
2305.43 8.40743e-08
2305.52 6.86774e-08
2305.6 7.31971e-08
2305.69 8.94453e-08
2305.77 9.83279e-08
2305.86 1.02412e-07
2305.94 9.94235e-08
2306.03 8.868e-08
2306.11 8.4123e-08
2306.2 9.3857e-08
2306.28 1.01011e-07
2306.37 1.01269e-07
2306.45 9.74434e-08
2306.54 8.54194e-08
2306.62 7.78927e-08
2306.71 8.55614e-08
2306.79 9.91767e-08
2306.88 1.0143e-07
2306.96 9.95746e-08
2307.05 1.01502e-07
2307.13 1.05295e-07
2307.22 1.11138e-07
2307.3 1.10749e-07
2307.39 9.97861e-08
2307.47 7.34305e-08
2307.56 5.02765e-08
2307.64 4.81468e-08
2307.73 7.19686e-08
2307.81 9.42569e-08
2307.9 1.05624e-07
2307.98 1.03031e-07
2308.07 9.78827e-08
2308.15 1.00071e-07
2308.24 1.05335e-07
2308.32 1.04552e-07
2308.41 1.02786e-07
2308.49 1.07044e-07
2308.58 1.1274e-07
2308.66 1.12309e-07
2308.75 1.07341e-07
2308.83 1.02374e-07
2308.92 9.6399e-08
2309.01 9.47206e-08
2309.09 9.83828e-08
2309.18 1.06635e-07
2309.26 1.09232e-07
2309.35 1.00523e-07
2309.43 8.88094e-08
2309.52 8.95226e-08
2309.6 9.38158e-08
2309.69 9.07378e-08
2309.78 9.41411e-08
2309.86 1.03468e-07
2309.95 1.01407e-07
2310.03 9.37055e-08
2310.12 9.39792e-08
2310.2 1.03422e-07
2310.29 1.09299e-07
2310.38 1.12098e-07
2310.46 1.14316e-07
2310.55 1.16766e-07
2310.63 1.16651e-07
2310.72 1.15646e-07
2310.8 1.15151e-07
2310.89 1.15619e-07
2310.98 1.16338e-07
2311.06 1.17526e-07
2311.15 1.17265e-07
2311.23 1.16057e-07
2311.32 1.15452e-07
2311.41 1.16025e-07
2311.49 1.15288e-07
2311.58 1.10272e-07
2311.66 1.03275e-07
2311.75 1.04201e-07
2311.84 1.09228e-07
2311.92 1.10794e-07
2312.01 1.09244e-07
2312.09 1.00903e-07
2312.18 8.64093e-08
2312.27 8.69217e-08
2312.35 1.01309e-07
2312.44 1.12733e-07
2312.53 1.14579e-07
2312.61 1.16094e-07
2312.7 1.17096e-07
2312.78 1.17108e-07
2312.87 1.16563e-07
2312.96 1.16794e-07
2313.04 1.17077e-07
2313.13 1.16833e-07
2313.22 1.16854e-07
2313.3 1.17194e-07
2313.39 1.17292e-07
2313.48 1.16292e-07
2313.56 1.15154e-07
2313.65 1.14627e-07
2313.73 1.1416e-07
2313.82 1.14799e-07
2313.91 1.1626e-07
2313.99 1.16429e-07
2314.08 1.15808e-07
2314.17 1.16495e-07
2314.25 1.16621e-07
2314.34 1.16893e-07
2314.43 1.16646e-07
2314.51 1.17034e-07
2314.6 1.15791e-07
2314.69 1.13522e-07
2314.77 1.10627e-07
2314.86 1.08017e-07
2314.95 9.99945e-08
2315.03 9.40457e-08
2315.12 9.59595e-08
2315.21 1.05947e-07
2315.29 1.11778e-07
2315.38 1.13121e-07
2315.47 1.13431e-07
2315.56 1.1363e-07
2315.64 1.10499e-07
2315.73 1.02115e-07
2315.82 9.0793e-08
2315.9 8.01146e-08
2315.99 6.97104e-08
2316.08 6.04092e-08
2316.16 5.42239e-08
2316.25 5.46991e-08
2316.34 6.11126e-08
2316.43 6.09111e-08
2316.51 5.40783e-08
2316.6 3.89398e-08
2316.69 3.30848e-08
2316.77 3.06173e-08
2316.86 2.8666e-08
2316.95 2.12205e-08
2317.04 2.06845e-08
2317.12 1.91113e-08
2317.21 2.15794e-08
2317.3 2.4434e-08
2317.38 4.03239e-08
2317.47 5.57849e-08
2317.56 6.40012e-08
2317.65 5.26647e-08
2317.73 3.87764e-08
2317.82 3.10832e-08
2317.91 3.24174e-08
2318 3.71818e-08
2318.08 4.26048e-08
2318.17 4.75322e-08
2318.26 4.63018e-08
2318.35 5.2943e-08
2318.43 5.6571e-08
2318.52 5.12699e-08
2318.61 4.37316e-08
2318.7 4.85954e-08
2318.78 5.83566e-08
2318.87 7.46235e-08
2318.96 8.39384e-08
2319.05 8.29708e-08
2319.13 7.37478e-08
2319.22 7.00335e-08
2319.31 7.51286e-08
2319.4 8.41625e-08
2319.48 8.10404e-08
2319.57 6.7074e-08
2319.66 6.46362e-08
2319.75 7.45745e-08
2319.84 7.77375e-08
2319.92 7.05887e-08
2320.01 7.5844e-08
2320.1 8.71396e-08
2320.19 8.84033e-08
2320.27 8.17991e-08
2320.36 7.74827e-08
2320.45 8.17169e-08
2320.54 9.02076e-08
2320.63 8.74412e-08
2320.71 7.59277e-08
2320.8 6.91846e-08
2320.89 7.14655e-08
2320.98 7.98518e-08
2321.07 8.70559e-08
2321.15 8.95302e-08
2321.24 9.56288e-08
2321.33 1.00946e-07
2321.42 9.33279e-08
2321.51 8.19048e-08
2321.59 8.23753e-08
2321.68 8.86123e-08
2321.77 7.84475e-08
2321.86 5.26419e-08
2321.95 2.74579e-08
2322.04 2.58473e-08
2322.12 4.57146e-08
2322.21 7.3652e-08
2322.3 9.15663e-08
2322.39 9.4939e-08
2322.48 8.14657e-08
2322.57 5.69292e-08
2322.65 3.43958e-08
2322.74 3.51762e-08
2322.83 5.44873e-08
2322.92 7.11947e-08
2323.01 7.2569e-08
2323.1 5.93468e-08
2323.18 3.92668e-08
2323.27 2.80434e-08
2323.36 4.48505e-08
2323.45 7.3073e-08
2323.54 9.21555e-08
2323.63 9.45589e-08
2323.72 8.99028e-08
2323.8 7.8037e-08
2323.89 6.6363e-08
2323.98 6.68059e-08
2324.07 7.82972e-08
2324.16 8.91857e-08
2324.25 9.73169e-08
2324.34 1.00303e-07
2324.43 1.00878e-07
2324.51 1.00446e-07
2324.6 1.02506e-07
2324.69 1.05826e-07
2324.78 1.04298e-07
2324.87 9.96863e-08
2324.96 9.832e-08
2325.05 9.97864e-08
2325.14 9.88215e-08
2325.22 9.33242e-08
2325.31 8.10445e-08
2325.4 6.77677e-08
2325.49 6.58295e-08
2325.58 7.05668e-08
2325.67 7.03472e-08
2325.76 7.96916e-08
2325.85 9.395e-08
2325.94 1.06486e-07
2326.02 1.08614e-07
2326.11 1.0686e-07
2326.2 1.02847e-07
2326.29 9.77915e-08
2326.38 8.33275e-08
2326.47 7.52947e-08
2326.56 7.81987e-08
2326.65 8.98926e-08
2326.74 9.49466e-08
2326.83 9.39288e-08
2326.92 9.42543e-08
2327.01 9.97446e-08
2327.09 1.045e-07
2327.18 1.07053e-07
2327.27 1.06932e-07
2327.36 1.0666e-07
2327.45 1.04038e-07
2327.54 1.03107e-07
2327.63 9.99162e-08
2327.72 9.73983e-08
2327.81 9.3615e-08
2327.9 9.44873e-08
2327.99 9.74185e-08
2328.08 1.02493e-07
2328.17 1.03478e-07
2328.26 1.02696e-07
2328.35 9.52511e-08
2328.44 7.0505e-08
2328.52 3.81896e-08
2328.61 3.12525e-08
2328.7 5.76719e-08
2328.79 8.53868e-08
2328.88 9.56642e-08
2328.97 9.37992e-08
2329.06 8.44166e-08
2329.15 8.44408e-08
2329.24 8.6749e-08
2329.33 8.00263e-08
2329.42 7.92257e-08
2329.51 8.76449e-08
2329.6 8.99687e-08
2329.69 9.21253e-08
2329.78 1.0126e-07
2329.87 1.07457e-07
2329.96 1.09194e-07
2330.05 1.09311e-07
2330.14 1.04411e-07
2330.23 9.89394e-08
2330.32 1.00109e-07
2330.41 1.04224e-07
2330.5 1.01404e-07
2330.59 8.99581e-08
2330.68 8.73693e-08
2330.77 9.04689e-08
2330.86 8.1414e-08
2330.95 7.54228e-08
2331.04 8.02994e-08
2331.13 8.10613e-08
2331.22 7.16337e-08
2331.31 7.84942e-08
2331.4 9.28023e-08
2331.49 9.71543e-08
2331.58 8.11519e-08
2331.67 5.7377e-08
2331.76 4.48303e-08
2331.85 5.41077e-08
2331.94 6.8405e-08
2332.03 8.17039e-08
2332.12 8.44561e-08
2332.21 7.73263e-08
2332.3 7.3117e-08
2332.39 8.35051e-08
2332.48 9.43179e-08
2332.57 9.42215e-08
2332.66 9.00644e-08
2332.75 8.61997e-08
2332.84 8.15669e-08
2332.93 8.18501e-08
2333.02 9.21076e-08
2333.11 1.01573e-07
2333.2 1.05177e-07
2333.29 1.03992e-07
2333.38 1.02732e-07
2333.47 1.00706e-07
2333.56 9.58215e-08
2333.65 9.1913e-08
2333.74 9.05301e-08
2333.83 9.2294e-08
2333.93 8.09255e-08
2334.02 6.75559e-08
2334.11 7.05498e-08
2334.2 8.86261e-08
2334.29 9.49705e-08
2334.38 9.23811e-08
2334.47 8.26528e-08
2334.56 8.28865e-08
2334.65 8.98751e-08
2334.74 8.88355e-08
2334.83 7.33338e-08
2334.92 5.87856e-08
2335.01 5.66959e-08
2335.1 5.60898e-08
2335.19 5.83749e-08
2335.28 6.95456e-08
2335.38 8.56136e-08
2335.47 8.80025e-08
2335.56 8.61269e-08
2335.65 9.16792e-08
2335.74 9.92336e-08
2335.83 9.56515e-08
2335.92 8.23018e-08
2336.01 6.55299e-08
2336.1 5.55431e-08
2336.19 6.13935e-08
2336.28 7.33989e-08
2336.37 8.66886e-08
2336.47 9.66936e-08
2336.56 9.57933e-08
2336.65 9.07589e-08
2336.74 8.94085e-08
2336.83 8.76321e-08
2336.92 8.50593e-08
2337.01 9.28073e-08
2337.1 1.00165e-07
2337.19 1.00422e-07
2337.29 9.86457e-08
2337.38 9.18769e-08
2337.47 8.87367e-08
2337.56 9.19419e-08
2337.65 9.64297e-08
2337.74 9.58888e-08
2337.83 9.35408e-08
2337.92 8.92543e-08
2338.01 8.91167e-08
2338.11 8.15731e-08
2338.2 6.12694e-08
2338.29 4.41649e-08
2338.38 4.85375e-08
2338.47 6.35904e-08
2338.56 6.26555e-08
2338.65 5.49785e-08
2338.74 5.16109e-08
2338.84 4.40293e-08
2338.93 3.85781e-08
2339.02 5.08501e-08
2339.11 6.65516e-08
2339.2 7.87562e-08
2339.29 8.87762e-08
2339.38 9.06408e-08
2339.48 7.91099e-08
2339.57 6.71913e-08
2339.66 6.40194e-08
2339.75 6.86182e-08
2339.84 5.80652e-08
2339.93 3.65977e-08
2340.03 2.54775e-08
2340.12 2.76839e-08
2340.21 3.74319e-08
2340.3 3.69163e-08
2340.39 2.83806e-08
2340.48 3.69728e-08
2340.58 6.3143e-08
2340.67 7.7316e-08
2340.76 7.38996e-08
2340.85 6.77157e-08
2340.94 6.22625e-08
2341.03 4.9719e-08
2341.13 3.18447e-08
2341.22 2.80748e-08
2341.31 3.66235e-08
2341.4 4.26463e-08
2341.49 4.49309e-08
2341.58 5.56112e-08
2341.68 6.5598e-08
2341.77 7.37962e-08
2341.86 7.34396e-08
2341.95 5.52195e-08
2342.04 2.69606e-08
2342.14 2.42809e-08
2342.23 5.13952e-08
2342.32 7.83058e-08
2342.41 8.33852e-08
2342.5 7.05496e-08
2342.6 7.08675e-08
