304.61 2.26343e-09
304.802 2.31695e-09
304.994 2.64797e-09
305.186 2.70039e-09
305.378 3.03343e-09
305.569 2.58953e-09
305.761 2.66442e-09
305.953 2.7932e-09
306.145 2.94112e-09
306.336 3.26864e-09
306.528 3.46993e-09
306.72 3.46591e-09
306.911 3.74033e-09
307.103 4.47518e-09
307.295 5.05459e-09
307.486 5.20177e-09
307.678 5.93096e-09
307.869 6.13586e-09
308.061 6.65967e-09
308.252 6.99574e-09
308.444 7.95922e-09
308.635 8.85885e-09
308.827 9.34763e-09
309.018 8.93417e-09
309.21 9.23003e-09
309.401 1.02611e-08
309.592 1.17471e-08
309.784 1.21101e-08
309.975 1.19916e-08
310.166 1.31736e-08
310.358 1.61271e-08
310.549 1.97638e-08
310.74 2.2757e-08
310.932 2.39815e-08
311.123 2.45176e-08
311.314 2.43949e-08
311.505 2.41562e-08
311.697 2.36314e-08
311.888 2.34578e-08
312.079 2.4533e-08
312.27 2.67068e-08
312.461 2.89531e-08
312.653 3.06358e-08
312.844 3.17518e-08
313.035 3.21715e-08
313.226 3.14603e-08
313.417 3.08479e-08
313.608 3.25843e-08
313.799 3.62148e-08
313.991 3.91168e-08
314.182 3.8619e-08
314.373 3.47753e-08
314.564 3.56076e-08
314.755 3.95894e-08
314.946 4.51787e-08
315.137 4.60542e-08
315.328 4.46882e-08
315.519 4.00512e-08
315.71 3.49291e-08
315.901 3.25286e-08
316.092 3.51977e-08
316.283 4.16935e-08
316.474 4.79897e-08
316.665 5.23315e-08
316.856 5.5585e-08
317.047 6.04527e-08
317.238 6.34315e-08
317.429 6.41403e-08
317.62 6.07686e-08
317.811 5.45786e-08
318.002 4.89849e-08
318.193 4.80173e-08
318.384 5.34367e-08
318.575 6.16316e-08
318.766 7.0253e-08
318.956 7.36065e-08
319.147 6.69297e-08
319.338 5.96606e-08
319.529 5.83003e-08
319.72 6.37623e-08
319.911 6.84634e-08
320.102 7.13263e-08
320.293 7.71181e-08
320.484 8.45526e-08
320.675 8.82188e-08
320.865 8.41265e-08
321.056 7.63337e-08
321.247 7.0282e-08
321.438 7.00516e-08
321.629 7.57256e-08
321.82 8.09439e-08
322.011 8.01414e-08
322.202 7.60312e-08
322.392 7.22247e-08
322.583 6.68364e-08
322.774 6.29961e-08
322.965 6.43842e-08
323.156 7.31285e-08
323.347 7.86015e-08
323.538 8.15127e-08
323.728 8.5284e-08
323.919 9.18661e-08
324.11 9.68702e-08
324.301 9.78747e-08
324.492 9.83739e-08
324.683 9.27181e-08
324.873 8.59644e-08
325.064 8.48626e-08
325.255 9.11391e-08
325.446 1.00838e-07
325.637 1.12467e-07
325.828 1.22222e-07
326.019 1.2938e-07
326.209 1.30859e-07
326.4 1.28332e-07
326.591 1.30643e-07
326.782 1.34109e-07
326.973 1.32545e-07
327.164 1.25891e-07
327.355 1.24808e-07
327.545 1.2404e-07
327.736 1.19072e-07
327.927 1.12979e-07
328.118 1.1163e-07
328.309 1.14433e-07
328.5 1.15342e-07
328.691 1.14456e-07
328.882 1.2391e-07
329.072 1.37618e-07
329.263 1.49789e-07
329.454 1.54318e-07
329.645 1.55016e-07
329.836 1.56824e-07
330.027 1.5821e-07
330.218 1.48489e-07
330.409 1.34428e-07
330.6 1.22052e-07
330.79 1.23051e-07
330.981 1.26988e-07
331.172 1.28579e-07
331.363 1.24795e-07
331.554 1.26838e-07
331.745 1.35012e-07
331.936 1.4001e-07
332.127 1.34882e-07
332.318 1.29722e-07
332.509 1.34618e-07
332.7 1.37493e-07
332.891 1.34753e-07
333.082 1.33342e-07
333.273 1.34658e-07
333.464 1.26585e-07
333.655 1.16847e-07
333.846 1.18003e-07
334.037 1.24372e-07
334.228 1.31458e-07
334.419 1.39689e-07
334.61 1.43678e-07
334.801 1.3544e-07
334.992 1.30811e-07
335.183 1.38441e-07
335.374 1.48489e-07
335.565 1.53291e-07
335.756 1.40184e-07
335.947 1.11431e-07
336.138 9.72887e-08
336.329 1.11759e-07
336.52 1.28579e-07
336.711 1.24477e-07
336.902 1.09382e-07
337.093 9.99163e-08
337.284 1.03619e-07
337.475 1.21108e-07
337.666 1.36548e-07
337.857 1.31272e-07
338.048 1.1997e-07
338.24 1.21433e-07
338.431 1.32527e-07
338.622 1.40153e-07
338.813 1.41714e-07
339.004 1.40173e-07
339.195 1.28576e-07
339.386 1.23612e-07
339.578 1.32106e-07
339.769 1.46872e-07
339.96 1.56351e-07
340.151 1.5555e-07
340.342 1.48136e-07
340.533 1.39418e-07
340.725 1.34739e-07
340.916 1.3377e-07
341.107 1.36527e-07
341.298 1.29251e-07
341.49 1.2237e-07
341.681 1.26884e-07
341.872 1.43063e-07
342.063 1.49842e-07
342.255 1.4221e-07
342.446 1.36656e-07
342.637 1.36167e-07
342.828 1.44922e-07
343.02 1.51779e-07
343.211 1.46098e-07
343.402 1.4096e-07
343.594 1.39102e-07
343.785 1.32527e-07
343.976 1.10735e-07
344.168 9.26582e-08
344.359 9.1757e-08
344.55 1.03152e-07
344.742 1.17597e-07
344.933 1.3312e-07
345.124 1.38463e-07
345.316 1.38435e-07
345.507 1.40161e-07
345.699 1.36396e-07
345.89 1.24571e-07
346.081 1.15359e-07
346.273 1.23321e-07
346.464 1.30625e-07
346.656 1.35038e-07
346.847 1.3961e-07
347.039 1.44174e-07
347.23 1.36604e-07
347.422 1.20692e-07
347.613 1.09986e-07
347.805 1.186e-07
347.996 1.31482e-07
348.188 1.33419e-07
348.379 1.26787e-07
348.571 1.30644e-07
348.762 1.34761e-07
348.954 1.25346e-07
349.145 1.15142e-07
349.337 1.17627e-07
349.529 1.19266e-07
349.72 1.19501e-07
349.912 1.32314e-07
350.103 1.48831e-07
350.295 1.58717e-07
350.487 1.54549e-07
350.678 1.50352e-07
350.87 1.45362e-07
351.062 1.39559e-07
351.253 1.28776e-07
351.445 1.23482e-07
351.637 1.35804e-07
351.828 1.49446e-07
352.02 1.4571e-07
352.212 1.30546e-07
352.404 1.14017e-07
352.595 1.06879e-07
352.787 1.20311e-07
352.979 1.37806e-07
353.171 1.41364e-07
353.362 1.43363e-07
353.554 1.46885e-07
353.746 1.51851e-07
353.938 1.53559e-07
354.13 1.51509e-07
354.321 1.52459e-07
354.513 1.55812e-07
354.705 1.5648e-07
354.897 1.56587e-07
355.089 1.55763e-07
355.281 1.46769e-07
355.473 1.39305e-07
355.665 1.39251e-07
355.856 1.39046e-07
356.048 1.41693e-07
356.24 1.48357e-07
356.432 1.35343e-07
356.624 1.17529e-07
356.816 1.06129e-07
357.008 1.01762e-07
357.2 1.05639e-07
357.392 1.1709e-07
357.584 1.27043e-07
357.776 1.2399e-07
357.968 1.05475e-07
358.16 8.91992e-08
358.352 8.56086e-08
358.544 8.4542e-08
358.736 8.74281e-08
358.928 1.02637e-07
359.121 1.25775e-07
359.313 1.36254e-07
359.505 1.44108e-07
359.697 1.5125e-07
359.889 1.58604e-07
360.081 1.56773e-07
360.273 1.43097e-07
360.465 1.28016e-07
360.658 1.21317e-07
360.85 1.11968e-07
361.042 1.11952e-07
361.234 1.19402e-07
361.426 1.31355e-07
361.619 1.32316e-07
361.811 1.13979e-07
362.003 1.0491e-07
362.195 1.18426e-07
362.388 1.36508e-07
362.58 1.53287e-07
362.772 1.63995e-07
362.965 1.49455e-07
363.157 1.22678e-07
363.349 1.13954e-07
363.541 1.23789e-07
363.734 1.36917e-07
363.926 1.50154e-07
364.119 1.54485e-07
364.311 1.46116e-07
364.503 1.34095e-07
364.696 1.23334e-07
364.888 1.21035e-07
365.081 1.31894e-07
365.273 1.50214e-07
365.465 1.60201e-07
365.658 1.65306e-07
365.85 1.70909e-07
366.043 1.74404e-07
366.235 1.68788e-07
366.428 1.63625e-07
366.62 1.61143e-07
366.813 1.57002e-07
367.005 1.55168e-07
367.198 1.61921e-07
367.39 1.68254e-07
367.583 1.64188e-07
367.776 1.52445e-07
367.968 1.41519e-07
368.161 1.42953e-07
368.353 1.4982e-07
368.546 1.46208e-07
368.739 1.36506e-07
368.931 1.42651e-07
369.124 1.62116e-07
369.317 1.67555e-07
369.509 1.62297e-07
369.702 1.62479e-07
369.895 1.72736e-07
370.087 1.77602e-07
370.28 1.66294e-07
370.473 1.41779e-07
370.666 1.26519e-07
370.858 1.2559e-07
371.051 1.41979e-07
371.244 1.6524e-07
371.437 1.81866e-07
371.63 1.80753e-07
371.822 1.55789e-07
372.015 1.20022e-07
372.208 1.07805e-07
372.401 1.30229e-07
372.594 1.49346e-07
372.787 1.52194e-07
372.979 1.49345e-07
373.172 1.39389e-07
373.365 1.10803e-07
373.558 8.80723e-08
373.751 9.46467e-08
373.944 1.25634e-07
374.137 1.46063e-07
374.33 1.37572e-07
374.523 1.15245e-07
374.716 9.90237e-08
374.909 9.18158e-08
375.102 1.09022e-07
375.295 1.40901e-07
375.488 1.67626e-07
375.681 1.56896e-07
375.874 1.34147e-07
376.067 1.29902e-07
376.26 1.36406e-07
376.453 1.40082e-07
376.647 1.36687e-07
376.84 1.38199e-07
377.033 1.41751e-07
377.226 1.54407e-07
377.419 1.64906e-07
377.612 1.70649e-07
377.805 1.72448e-07
377.999 1.79766e-07
378.192 1.86398e-07
378.385 1.88542e-07
378.578 1.73568e-07
378.772 1.53263e-07
378.965 1.42301e-07
379.158 1.45172e-07
379.351 1.41819e-07
379.545 1.34355e-07
379.738 1.21968e-07
379.931 1.22324e-07
380.125 1.38186e-07
380.318 1.60013e-07
380.511 1.65187e-07
380.705 1.58364e-07
380.898 1.60338e-07
381.091 1.66656e-07
381.285 1.55363e-07
381.478 1.30278e-07
381.672 1.22591e-07
381.865 1.20643e-07
382.058 1.13399e-07
382.252 1.11132e-07
382.445 1.05009e-07
382.639 9.22126e-08
382.832 8.72501e-08
383.026 9.2383e-08
383.219 8.84584e-08
383.413 8.41248e-08
383.606 8.70747e-08
383.8 8.6079e-08
383.994 8.49062e-08
384.187 1.01551e-07
384.381 1.25353e-07
384.574 1.3811e-07
384.768 1.40636e-07
384.962 1.35103e-07
385.155 1.34648e-07
385.349 1.34452e-07
385.543 1.28868e-07
385.736 1.17324e-07
385.93 1.02762e-07
386.124 1.08257e-07
386.317 1.30994e-07
386.511 1.43514e-07
386.705 1.39875e-07
386.898 1.29367e-07
387.092 1.13071e-07
387.286 1.11155e-07
387.48 1.3026e-07
387.674 1.37453e-07
387.867 1.27707e-07
388.061 1.18515e-07
388.255 1.20155e-07
388.449 1.23159e-07
388.643 1.19084e-07
388.837 1.12688e-07
389.031 1.2378e-07
389.225 1.43884e-07
389.418 1.52492e-07
389.612 1.55776e-07
389.806 1.57624e-07
390 1.59052e-07
390.194 1.55075e-07
390.388 1.46618e-07
390.582 1.40268e-07
390.776 1.50938e-07
390.97 1.65528e-07
391.164 1.74977e-07
391.358 1.77094e-07
391.552 1.74418e-07
391.746 1.68055e-07
391.94 1.54889e-07
392.135 1.41844e-07
392.329 1.39421e-07
392.523 1.38373e-07
392.717 1.21134e-07
392.911 9.44621e-08
393.105 6.98687e-08
393.299 5.16348e-08
393.494 4.77317e-08
393.688 6.2099e-08
393.882 8.81436e-08
394.076 1.10732e-07
394.27 1.18729e-07
394.465 1.26328e-07
394.659 1.39933e-07
394.853 1.54726e-07
395.047 1.64117e-07
395.242 1.6627e-07
395.436 1.66812e-07
395.63 1.6411e-07
395.825 1.65536e-07
396.019 1.53876e-07
396.213 1.28969e-07
396.408 1.07093e-07
396.602 8.56001e-08
396.797 6.23297e-08
396.991 5.64281e-08
397.185 7.46576e-08
397.38 1.02839e-07
397.574 1.29453e-07
397.769 1.53838e-07
397.963 1.75188e-07
398.158 1.84673e-07
398.352 1.84577e-07
398.547 1.82949e-07
398.741 1.90204e-07
398.936 1.97986e-07
399.131 2.04701e-07
399.325 2.06654e-07
399.52 2.04638e-07
399.714 1.96979e-07
399.909 2.01058e-07
