299.749 8.9353e-10
299.814 9.10684e-10
299.879 8.38338e-10
299.944 8.19526e-10
300.009 8.17417e-10
300.074 7.10807e-10
300.139 5.32631e-10
300.204 4.71324e-10
300.269 5.53098e-10
300.334 6.81064e-10
300.399 6.95018e-10
300.464 7.75689e-10
300.529 8.21984e-10
300.594 9.1583e-10
300.659 8.27461e-10
300.725 8.77362e-10
300.79 8.5148e-10
300.855 7.47798e-10
300.92 7.74109e-10
300.985 9.03497e-10
301.05 9.93415e-10
301.115 1.08465e-09
301.18 1.10413e-09
301.245 1.10363e-09
301.31 1.21463e-09
301.375 1.22609e-09
301.44 1.23567e-09
301.505 1.32532e-09
301.57 1.30582e-09
301.635 1.19374e-09
301.7 1.12051e-09
301.765 1.1403e-09
301.83 1.01279e-09
301.895 8.77849e-10
301.96 7.49006e-10
302.025 7.32637e-10
302.09 6.71393e-10
302.155 8.79276e-10
302.22 9.59276e-10
302.285 9.4442e-10
302.35 1.17372e-09
302.415 1.38355e-09
302.48 1.13151e-09
302.545 1.51659e-09
302.61 1.5257e-09
302.675 1.62468e-09
302.74 1.95748e-09
302.805 1.86316e-09
302.87 2.01157e-09
302.935 2.28523e-09
303 2.22152e-09
303.065 2.17691e-09
303.13 2.34185e-09
303.195 2.45446e-09
303.26 2.41676e-09
303.325 2.51142e-09
303.39 2.71793e-09
303.455 2.96362e-09
303.52 2.89145e-09
303.585 2.59479e-09
303.65 2.40972e-09
303.715 2.41685e-09
303.78 2.38791e-09
303.845 2.22863e-09
303.91 2.24862e-09
303.975 2.01195e-09
304.04 2.18337e-09
304.105 2.21085e-09
304.17 2.46906e-09
304.235 2.54591e-09
304.3 2.64862e-09
304.365 2.91515e-09
304.43 3.20738e-09
304.495 3.33422e-09
304.56 3.32042e-09
304.625 3.31054e-09
304.69 3.23609e-09
304.755 3.14369e-09
304.82 3.4062e-09
304.885 3.60195e-09
304.95 3.3541e-09
305.015 3.68833e-09
305.08 4.53965e-09
305.145 5.04699e-09
305.21 5.34234e-09
305.275 5.09918e-09
305.34 5.14274e-09
305.405 5.40037e-09
305.47 5.41882e-09
305.535 5.08529e-09
305.6 4.48902e-09
305.665 4.13321e-09
305.73 3.93606e-09
305.795 3.86774e-09
305.86 3.67671e-09
305.925 3.57707e-09
305.99 3.71892e-09
306.055 4.23446e-09
306.12 4.69533e-09
306.185 5.11058e-09
306.25 5.43165e-09
306.315 5.46464e-09
306.38 5.59935e-09
306.445 5.55865e-09
306.51 5.34605e-09
306.575 4.87021e-09
306.64 4.80481e-09
306.705 5.02272e-09
306.77 5.59444e-09
306.835 6.01379e-09
306.9 6.31934e-09
306.965 6.93073e-09
307.03 7.64298e-09
307.095 8.07132e-09
307.16 8.47596e-09
307.225 8.99803e-09
307.29 9.12527e-09
307.355 9.34684e-09
307.42 9.00246e-09
307.485 8.83596e-09
307.55 9.69606e-09
307.615 1.00824e-08
307.68 9.77213e-09
307.745 9.54991e-09
307.81 9.87336e-09
307.875 1.07199e-08
307.94 1.09618e-08
308.005 1.04425e-08
308.07 9.8331e-09
308.135 9.92253e-09
308.2 9.96594e-09
308.265 9.85883e-09
308.33 1.029e-08
308.395 1.08377e-08
308.46 1.17651e-08
308.525 1.23596e-08
308.59 1.23946e-08
308.655 1.25222e-08
308.72 1.2731e-08
308.785 1.22817e-08
308.85 1.18152e-08
308.915 1.13193e-08
308.98 1.08008e-08
309.045 1.06166e-08
309.11 1.05004e-08
309.175 9.72811e-09
309.24 9.15336e-09
309.305 9.50539e-09
309.37 1.05801e-08
309.435 1.18309e-08
309.5 1.25355e-08
309.565 1.22075e-08
309.63 1.34351e-08
309.695 1.44483e-08
309.76 1.53352e-08
309.825 1.4421e-08
309.89 1.30107e-08
309.955 1.21625e-08
310.02 1.22661e-08
310.085 1.18789e-08
310.15 1.2181e-08
310.215 1.26509e-08
310.28 1.40014e-08
310.345 1.61279e-08
310.41 1.78326e-08
310.475 1.98114e-08
310.54 2.21312e-08
310.605 2.32029e-08
310.67 2.41055e-08
310.735 2.52429e-08
310.8 2.60238e-08
310.865 2.65741e-08
310.93 2.64128e-08
310.995 2.70577e-08
311.06 2.72555e-08
311.125 2.75932e-08
311.19 2.72148e-08
311.255 2.66639e-08
311.32 2.59916e-08
311.385 2.72701e-08
311.45 2.76329e-08
311.515 2.74205e-08
311.58 2.63936e-08
311.645 2.59448e-08
311.71 2.57657e-08
311.775 2.64161e-08
311.84 2.56917e-08
311.905 2.4559e-08
311.97 2.47779e-08
312.035 2.56425e-08
312.1 2.54541e-08
312.165 2.66806e-08
312.23 2.7907e-08
312.295 3.06194e-08
312.36 3.14963e-08
312.425 3.11757e-08
312.49 3.19942e-08
312.555 3.34614e-08
312.62 3.44128e-08
312.685 3.47973e-08
312.75 3.33499e-08
312.815 3.40909e-08
312.88 3.59027e-08
312.945 3.60766e-08
313.01 3.6944e-08
313.075 3.58473e-08
313.14 3.54032e-08
313.205 3.5893e-08
313.27 3.41659e-08
313.335 3.28362e-08
313.4 3.35363e-08
313.465 3.29957e-08
313.53 3.22926e-08
313.595 3.30146e-08
313.66 3.46352e-08
313.725 3.69505e-08
313.79 3.99484e-08
313.855 4.01484e-08
313.92 4.19971e-08
313.985 4.46088e-08
314.05 4.68697e-08
314.115 4.76629e-08
314.18 4.61361e-08
314.245 4.24682e-08
314.31 3.90511e-08
314.375 3.74295e-08
314.44 3.62364e-08
314.505 3.52315e-08
314.57 3.47058e-08
314.635 3.51785e-08
314.7 3.86555e-08
314.765 4.47997e-08
314.83 4.92879e-08
314.895 5.02804e-08
314.96 5.09022e-08
315.025 5.22047e-08
315.09 5.35412e-08
315.155 5.40672e-08
315.22 5.31262e-08
315.285 5.10194e-08
315.35 4.99191e-08
315.415 4.86281e-08
315.48 4.73958e-08
315.546 4.56349e-08
315.611 4.18382e-08
315.676 3.88926e-08
315.741 3.59735e-08
315.806 3.50519e-08
315.871 3.38983e-08
315.936 3.30256e-08
316.001 3.20958e-08
316.066 3.40241e-08
316.131 3.66479e-08
316.196 4.08295e-08
316.261 4.46829e-08
316.326 4.62044e-08
316.391 4.85724e-08
316.456 5.26029e-08
316.521 5.38876e-08
316.586 5.78221e-08
316.651 5.86737e-08
316.716 5.80967e-08
316.781 5.87869e-08
316.846 6.01873e-08
316.911 6.14314e-08
316.976 6.5622e-08
317.041 6.63281e-08
317.106 6.66884e-08
317.171 7.10744e-08
317.236 7.33656e-08
317.301 7.51417e-08
317.366 7.41383e-08
317.431 7.17926e-08
317.496 7.16821e-08
317.561 7.24996e-08
317.626 6.98984e-08
317.691 6.78752e-08
317.756 6.42411e-08
317.821 6.13421e-08
317.886 5.93135e-08
317.951 5.60522e-08
318.016 5.11443e-08
318.081 4.82029e-08
318.146 4.86168e-08
318.211 4.87115e-08
318.276 5.28119e-08
318.341 5.52549e-08
318.406 5.76212e-08
318.471 6.29109e-08
318.536 6.59787e-08
318.601 6.8442e-08
318.666 7.24136e-08
318.731 7.38925e-08
318.796 8.10502e-08
318.861 8.61159e-08
318.926 8.63256e-08
318.991 8.66096e-08
319.056 8.46187e-08
319.121 7.97346e-08
319.186 7.57706e-08
319.251 6.95149e-08
319.315 6.25868e-08
319.38 6.00623e-08
319.445 5.97319e-08
319.51 5.961e-08
319.575 6.15547e-08
319.64 6.62597e-08
319.705 6.9526e-08
319.77 7.45866e-08
319.835 7.52705e-08
319.9 7.39316e-08
319.965 7.43482e-08
320.03 7.91088e-08
320.095 8.0538e-08
320.16 7.78791e-08
320.225 7.72691e-08
320.29 8.2121e-08
320.355 8.90616e-08
320.42 9.12607e-08
320.485 9.30326e-08
320.55 9.66025e-08
320.615 1.00985e-07
320.68 1.02684e-07
320.745 1.00249e-07
320.81 9.61123e-08
320.875 9.6747e-08
320.94 9.19606e-08
321.005 8.80979e-08
321.07 8.18122e-08
321.135 7.87281e-08
321.2 7.64972e-08
321.265 7.39942e-08
321.33 7.04625e-08
321.395 7.27778e-08
321.46 7.52425e-08
321.525 7.84772e-08
321.59 7.71331e-08
321.655 8.06178e-08
321.72 8.75102e-08
321.785 9.20957e-08
321.85 9.02297e-08
321.915 8.9333e-08
321.98 9.03457e-08
322.045 9.01119e-08
322.11 8.59647e-08
322.175 8.07558e-08
322.24 7.85585e-08
322.305 8.22411e-08
322.37 8.08012e-08
322.435 7.52284e-08
322.5 7.35341e-08
322.565 7.44662e-08
322.63 7.41701e-08
322.695 7.00421e-08
322.76 6.45098e-08
322.825 6.14073e-08
322.89 6.19361e-08
322.955 6.47597e-08
323.02 6.74194e-08
323.085 7.20956e-08
323.15 7.84718e-08
323.215 8.16415e-08
323.28 8.45317e-08
323.345 8.5583e-08
323.41 8.79956e-08
323.475 8.90228e-08
323.54 8.41459e-08
323.605 8.53154e-08
323.67 8.72201e-08
323.735 9.19778e-08
323.799 9.35863e-08
323.864 9.43895e-08
323.929 9.85087e-08
323.994 1.06204e-07
324.059 1.04969e-07
324.124 1.04902e-07
324.189 1.02902e-07
324.254 1.06785e-07
324.319 1.06763e-07
324.384 1.06036e-07
324.449 1.06062e-07
324.514 1.10011e-07
324.579 1.0717e-07
324.644 1.02491e-07
324.709 1.00087e-07
324.774 9.82993e-08
324.839 9.40145e-08
324.904 9.07274e-08
324.969 8.52157e-08
325.034 8.54627e-08
325.099 8.97172e-08
325.164 9.32122e-08
325.229 9.68579e-08
325.294 9.65713e-08
325.359 9.99952e-08
325.424 1.08854e-07
325.489 1.12125e-07
325.554 1.16277e-07
325.618 1.18481e-07
325.683 1.21295e-07
325.748 1.29765e-07
325.813 1.35681e-07
325.878 1.35998e-07
325.943 1.39794e-07
326.008 1.40127e-07
326.073 1.4246e-07
326.138 1.46997e-07
326.203 1.48079e-07
326.268 1.44659e-07
326.333 1.40188e-07
326.398 1.36627e-07
326.463 1.35913e-07
326.528 1.42081e-07
326.593 1.40914e-07
326.658 1.41995e-07
326.723 1.44144e-07
326.788 1.49278e-07
326.852 1.51771e-07
326.917 1.53543e-07
326.982 1.45393e-07
327.047 1.3998e-07
327.112 1.36426e-07
327.177 1.35788e-07
327.242 1.33343e-07
327.307 1.31433e-07
327.372 1.33191e-07
327.437 1.37215e-07
327.502 1.39553e-07
327.567 1.3773e-07
327.632 1.3474e-07
327.697 1.33035e-07
327.762 1.31129e-07
327.826 1.25301e-07
327.891 1.19059e-07
327.956 1.19024e-07
328.021 1.19926e-07
328.086 1.19477e-07
328.151 1.16562e-07
328.216 1.18036e-07
328.281 1.25429e-07
328.346 1.27689e-07
328.411 1.27744e-07
328.476 1.28137e-07
328.541 1.24397e-07
328.605 1.24049e-07
328.67 1.24819e-07
328.735 1.20895e-07
328.8 1.22915e-07
328.865 1.29003e-07
328.93 1.34353e-07
328.995 1.43352e-07
329.06 1.51186e-07
329.125 1.54751e-07
329.19 1.62119e-07
329.255 1.67817e-07
329.319 1.69102e-07
329.384 1.66625e-07
329.449 1.6825e-07
329.514 1.69706e-07
329.579 1.73012e-07
329.644 1.73635e-07
329.709 1.69404e-07
329.774 1.66996e-07
329.839 1.69159e-07
329.904 1.74795e-07
329.968 1.78289e-07
330.033 1.79674e-07
330.098 1.71382e-07
330.163 1.68826e-07
330.228 1.66733e-07
330.293 1.64728e-07
330.358 1.55933e-07
330.423 1.44536e-07
330.487 1.33193e-07
330.552 1.30143e-07
330.617 1.31518e-07
330.682 1.32523e-07
330.747 1.3099e-07
330.812 1.30599e-07
330.877 1.31229e-07
330.942 1.36599e-07
331.006 1.43605e-07
331.071 1.42081e-07
331.136 1.3853e-07
331.201 1.36548e-07
331.266 1.33244e-07
331.331 1.27651e-07
331.396 1.2681e-07
331.46 1.22039e-07
331.525 1.23587e-07
331.59 1.25093e-07
331.655 1.24713e-07
331.72 1.2624e-07
331.785 1.29831e-07
331.85 1.32758e-07
331.914 1.31179e-07
331.979 1.29836e-07
