659.646 4.62164e-07
659.776 4.77644e-07
659.907 4.81626e-07
660.037 4.84148e-07
660.167 4.94653e-07
660.297 5.04538e-07
660.427 5.09624e-07
660.557 5.09722e-07
660.686 5.14782e-07
660.816 5.20607e-07
660.946 5.22624e-07
661.076 5.25139e-07
661.206 5.35876e-07
661.336 5.46847e-07
661.466 5.55158e-07
661.596 5.63362e-07
661.726 5.70063e-07
661.855 5.75543e-07
661.985 5.81165e-07
662.115 5.87406e-07
662.245 5.94429e-07
662.375 5.99851e-07
662.504 5.98556e-07
662.634 5.98784e-07
662.764 5.97348e-07
662.893 5.96734e-07
663.023 5.97379e-07
663.153 5.99784e-07
663.282 5.97685e-07
663.412 5.85089e-07
663.542 5.75347e-07
663.671 5.80105e-07
663.801 5.95177e-07
663.931 6.02935e-07
664.06 6.00414e-07
664.19 6.0125e-07
664.319 5.99362e-07
664.449 5.90811e-07
664.578 5.90062e-07
664.708 5.98931e-07
664.838 6.07278e-07
664.967 6.08525e-07
665.097 6.10572e-07
665.226 6.11502e-07
665.356 6.12022e-07
665.485 6.10686e-07
665.614 6.09656e-07
665.744 6.1073e-07
665.873 6.12251e-07
666.003 6.12005e-07
666.132 6.10211e-07
666.261 6.06055e-07
666.391 5.96168e-07
666.52 5.92214e-07
666.649 5.96541e-07
666.779 6.0816e-07
666.908 6.08539e-07
667.037 6.1003e-07
667.167 6.12685e-07
667.296 6.14538e-07
667.425 6.1522e-07
667.555 6.15108e-07
667.684 6.13624e-07
667.813 6.02015e-07
667.942 5.91042e-07
668.072 5.93846e-07
668.201 6.0965e-07
668.33 6.17597e-07
668.459 6.18949e-07
668.588 6.19865e-07
668.717 6.20742e-07
668.847 6.20696e-07
668.976 6.18898e-07
669.105 6.18513e-07
669.234 6.19725e-07
669.363 6.19201e-07
669.492 6.20076e-07
669.621 6.15239e-07
669.75 6.10102e-07
669.879 6.07198e-07
670.008 6.1151e-07
670.137 6.1599e-07
670.266 6.18974e-07
670.395 6.17597e-07
670.524 6.10899e-07
670.653 6.0893e-07
670.782 6.13213e-07
670.911 6.18796e-07
671.04 6.183e-07
671.169 6.18142e-07
671.298 6.16771e-07
671.427 6.12206e-07
671.556 6.08937e-07
671.685 6.07422e-07
671.814 5.97579e-07
671.943 5.94469e-07
672.072 6.0061e-07
672.2 6.14447e-07
672.329 6.14282e-07
672.458 6.16822e-07
672.587 6.19741e-07
672.716 6.16104e-07
672.845 6.14689e-07
672.973 6.17424e-07
673.102 6.22528e-07
673.231 6.23984e-07
673.36 6.22404e-07
673.488 6.19849e-07
673.617 6.22148e-07
673.746 6.23763e-07
673.875 6.21397e-07
674.003 6.18425e-07
674.132 6.19391e-07
674.261 6.21564e-07
674.389 6.19965e-07
674.518 6.19393e-07
674.647 6.19666e-07
674.775 6.21377e-07
674.904 6.18984e-07
675.033 6.13224e-07
675.161 6.10033e-07
675.29 6.12542e-07
675.418 6.18071e-07
675.547 6.21297e-07
675.676 6.23929e-07
675.804 6.23271e-07
675.933 6.23548e-07
676.061 6.26773e-07
676.19 6.27947e-07
676.318 6.27766e-07
676.447 6.2637e-07
676.575 6.27712e-07
676.704 6.27123e-07
676.832 6.17422e-07
676.961 6.15346e-07
677.089 6.18118e-07
677.218 6.23049e-07
677.346 6.1926e-07
677.475 6.21528e-07
677.603 6.28277e-07
677.732 6.3083e-07
677.86 6.30211e-07
677.988 6.29957e-07
678.117 6.30785e-07
678.245 6.28657e-07
678.373 6.25935e-07
678.502 6.199e-07
678.63 6.19431e-07
678.758 6.19059e-07
678.887 6.23593e-07
679.015 6.27401e-07
679.143 6.31714e-07
679.272 6.32495e-07
679.4 6.29874e-07
679.528 6.26682e-07
679.657 6.23397e-07
679.785 6.23405e-07
679.913 6.24225e-07
680.041 6.26543e-07
680.17 6.27423e-07
680.298 6.2928e-07
680.426 6.28097e-07
680.554 6.25506e-07
680.682 6.24384e-07
680.811 6.24861e-07
680.939 6.28726e-07
681.067 6.25768e-07
681.195 6.25839e-07
681.323 6.26132e-07
681.451 6.30254e-07
681.579 6.29137e-07
681.708 6.30488e-07
681.836 6.3307e-07
681.964 6.33544e-07
682.092 6.27296e-07
682.22 6.25887e-07
682.348 6.28199e-07
682.476 6.34418e-07
682.604 6.33963e-07
682.732 6.35452e-07
682.86 6.2859e-07
682.988 6.21461e-07
683.116 6.24447e-07
683.244 6.32363e-07
683.372 6.34834e-07
683.5 6.33437e-07
683.628 6.32897e-07
683.756 6.31122e-07
683.884 6.25396e-07
684.012 6.17072e-07
684.14 6.11395e-07
684.268 6.01185e-07
684.396 5.9669e-07
684.524 6.06366e-07
684.651 6.21677e-07
684.779 6.33205e-07
684.907 6.33057e-07
685.035 6.3243e-07
685.163 6.32987e-07
685.291 6.36112e-07
685.419 6.34774e-07
685.547 6.23642e-07
685.674 6.1409e-07
685.802 6.1072e-07
685.93 6.17183e-07
686.058 6.21682e-07
686.185 6.24903e-07
686.313 6.21943e-07
686.441 6.23803e-07
686.569 6.27242e-07
686.696 6.15939e-07
686.824 4.92768e-07
686.952 3.26014e-07
687.08 2.34863e-07
687.207 2.54704e-07
687.335 2.84865e-07
687.463 3.03414e-07
687.59 3.28706e-07
687.718 3.62223e-07
687.846 3.95934e-07
687.973 4.29349e-07
688.101 4.79681e-07
688.229 5.34743e-07
688.356 5.77538e-07
688.484 5.58132e-07
688.612 5.20549e-07
688.739 4.74695e-07
688.867 4.72916e-07
688.994 4.52635e-07
689.122 4.63977e-07
689.249 4.66978e-07
689.377 4.63231e-07
689.504 4.67287e-07
689.632 4.81054e-07
689.759 4.7104e-07
689.887 4.74211e-07
690.014 5.1007e-07
690.142 4.96755e-07
690.269 4.89919e-07
690.397 5.29746e-07
690.524 5.20071e-07
690.652 4.93531e-07
690.779 5.28673e-07
690.907 5.56172e-07
691.034 5.23344e-07
691.162 5.31004e-07
691.289 5.80652e-07
691.416 5.58597e-07
691.544 5.24295e-07
691.671 5.40355e-07
691.798 5.80516e-07
691.926 5.57753e-07
692.053 5.50174e-07
692.18 5.76217e-07
692.308 6.04586e-07
692.435 5.6719e-07
692.562 5.44281e-07
692.69 5.57214e-07
692.817 5.9422e-07
692.944 5.77081e-07
693.072 5.44962e-07
693.199 5.36464e-07
693.326 5.68513e-07
693.453 5.63078e-07
693.581 5.61105e-07
693.708 5.74924e-07
693.835 5.84183e-07
693.962 5.78804e-07
694.089 5.35076e-07
694.217 5.2304e-07
694.344 5.23177e-07
694.471 5.48228e-07
694.598 5.74757e-07
694.725 5.91463e-07
694.852 5.71747e-07
694.98 5.54984e-07
695.107 5.64266e-07
695.234 5.83059e-07
695.361 5.92483e-07
695.488 5.90401e-07
695.615 5.87773e-07
695.742 5.66872e-07
695.869 5.73425e-07
695.996 5.78515e-07
696.123 5.85042e-07
696.25 5.69263e-07
696.377 5.95138e-07
696.504 6.12345e-07
696.631 6.15276e-07
696.758 6.19367e-07
696.885 6.36273e-07
697.012 6.43049e-07
697.139 6.3116e-07
697.266 6.23303e-07
697.393 6.23391e-07
697.52 6.33745e-07
697.647 6.3059e-07
697.774 6.11333e-07
697.901 5.90366e-07
698.028 5.82945e-07
698.155 5.96804e-07
698.282 6.12513e-07
698.408 6.24189e-07
698.535 6.29889e-07
698.662 6.16418e-07
698.789 5.94088e-07
698.916 5.75033e-07
699.043 5.71794e-07
699.169 5.75255e-07
699.296 5.99467e-07
699.423 5.88623e-07
699.55 5.80663e-07
699.677 5.96324e-07
699.803 6.25996e-07
699.93 6.01395e-07
700.057 5.72328e-07
700.184 5.77551e-07
700.31 6.09409e-07
700.437 6.09061e-07
700.564 5.65236e-07
700.691 5.39238e-07
700.817 5.57236e-07
700.944 5.98469e-07
701.071 6.08241e-07
701.197 5.92164e-07
701.324 5.88266e-07
701.451 6.02192e-07
701.577 6.10622e-07
701.704 5.62028e-07
701.83 5.43526e-07
701.957 5.6396e-07
702.084 6.0883e-07
702.21 6.17219e-07
702.337 6.02861e-07
702.463 5.7777e-07
702.59 5.70632e-07
702.717 5.80491e-07
702.843 5.63246e-07
702.97 5.63594e-07
703.096 5.94947e-07
703.223 6.26865e-07
703.349 6.34347e-07
703.476 6.37065e-07
703.602 6.29769e-07
703.729 6.21516e-07
703.855 5.99648e-07
703.982 5.76925e-07
704.108 5.73066e-07
704.234 5.97584e-07
704.361 6.26627e-07
704.487 6.33659e-07
704.614 6.34855e-07
704.74 6.31224e-07
704.866 6.30898e-07
704.993 6.31881e-07
705.119 6.25028e-07
705.246 6.09688e-07
705.372 5.84882e-07
705.498 5.99266e-07
705.625 6.14477e-07
705.751 6.19153e-07
705.877 6.15774e-07
706.003 6.17324e-07
706.13 6.15643e-07
706.256 6.17806e-07
706.382 6.16961e-07
706.509 6.2486e-07
706.635 6.17119e-07
706.761 6.17906e-07
706.887 6.1253e-07
707.014 6.20587e-07
707.14 6.29408e-07
707.266 6.3338e-07
707.392 6.31996e-07
707.518 6.29873e-07
707.645 6.3576e-07
707.771 6.36104e-07
707.897 6.25604e-07
708.023 6.15994e-07
708.149 6.19776e-07
708.275 6.34625e-07
708.401 6.37088e-07
708.527 6.2638e-07
708.654 6.21301e-07
708.78 6.20884e-07
708.906 6.20354e-07
709.032 6.20605e-07
709.158 6.16124e-07
709.284 6.2619e-07
709.41 6.29306e-07
709.536 6.34349e-07
709.662 6.31419e-07
709.788 6.30669e-07
709.914 6.3356e-07
710.04 6.31742e-07
710.166 6.34184e-07
710.292 6.33819e-07
710.418 6.36824e-07
710.544 6.40975e-07
710.67 6.37492e-07
710.796 6.3349e-07
710.922 6.3172e-07
711.048 6.34565e-07
711.174 6.30529e-07
711.299 6.25218e-07
711.425 6.27389e-07
711.551 6.34943e-07
711.677 6.38232e-07
711.803 6.38602e-07
711.929 6.34746e-07
712.055 6.3104e-07
712.18 6.35191e-07
712.306 6.23316e-07
712.432 6.259e-07
712.558 6.31684e-07
712.684 6.47923e-07
712.809 6.43182e-07
712.935 6.3322e-07
713.061 6.24636e-07
713.187 6.13793e-07
713.312 6.15217e-07
713.438 6.21556e-07
713.564 6.37142e-07
713.69 6.41965e-07
713.815 6.39896e-07
713.941 6.37485e-07
714.067 6.36651e-07
714.192 6.412e-07
714.318 6.30479e-07
714.444 6.30902e-07
714.569 6.28067e-07
714.695 6.33542e-07
714.821 6.12184e-07
714.946 5.96004e-07
715.072 5.90503e-07
715.197 6.00657e-07
715.323 6.12644e-07
715.449 6.25443e-07
715.574 6.36787e-07
715.7 6.26148e-07
715.825 6.2353e-07
715.951 6.14298e-07
716.076 6.17689e-07
716.202 6.18196e-07
716.327 6.1956e-07
716.453 5.94754e-07
716.578 5.57933e-07
716.704 5.31709e-07
716.829 4.9891e-07
716.955 5.01566e-07
717.08 4.84993e-07
717.206 5.03755e-07
717.331 4.6714e-07
717.456 4.36746e-07
717.582 4.46486e-07
717.707 4.68873e-07
717.833 4.38113e-07
717.958 4.30002e-07
718.083 4.95823e-07
718.209 5.09295e-07
718.334 4.94556e-07
718.459 4.71832e-07
718.585 4.67888e-07
718.71 3.78366e-07
718.835 3.41735e-07
718.961 4.02479e-07
719.086 5.19895e-07
719.211 5.06821e-07
719.337 4.40424e-07
719.462 3.70292e-07
719.587 4.17699e-07
719.712 4.63229e-07
719.838 4.67921e-07
719.963 4.70249e-07
720.088 4.45405e-07
720.213 4.07497e-07
720.338 4.06125e-07
720.464 4.37024e-07
720.589 4.74967e-07
720.714 4.26167e-07
720.839 4.60537e-07
720.964 4.88981e-07
721.089 5.42093e-07
721.215 5.52292e-07
721.34 5.82025e-07
721.465 6.10716e-07
721.59 6.21238e-07
721.715 5.86386e-07
721.84 5.66623e-07
721.965 5.61085e-07
722.09 5.9422e-07
722.215 6.13991e-07
722.34 6.12306e-07
722.465 5.64295e-07
722.59 5.62026e-07
722.715 5.84643e-07
722.84 5.69988e-07
