267.397 7.49285e-11
267.462 7.67019e-11
267.527 7.92361e-11
267.592 8.1952e-11
267.657 8.11744e-11
267.722 8.17162e-11
267.787 9.08928e-11
267.852 7.3111e-11
267.917 8.09772e-11
267.982 7.87686e-11
268.047 7.17513e-11
268.113 7.83094e-11
268.178 8.51252e-11
268.243 8.48338e-11
268.308 7.68083e-11
268.373 8.0737e-11
268.438 7.63946e-11
268.503 8.91333e-11
268.568 7.63885e-11
268.633 7.63444e-11
268.698 8.3063e-11
268.764 8.71526e-11
268.829 7.831e-11
268.894 7.18837e-11
268.959 7.56805e-11
269.024 7.68937e-11
269.089 7.45216e-11
269.154 6.8488e-11
269.219 6.64714e-11
269.284 8.45277e-11
269.349 7.69532e-11
269.415 7.29528e-11
269.48 7.40473e-11
269.545 7.25679e-11
269.61 7.71325e-11
269.675 8.31398e-11
269.74 6.46509e-11
269.805 5.77014e-11
269.87 8.72618e-11
269.935 7.98206e-11
270.001 9.34496e-11
270.066 8.37451e-11
270.131 8.31331e-11
270.196 9.27744e-11
270.261 1.01203e-10
270.326 9.30865e-11
270.391 9.50314e-11
270.456 9.7106e-11
270.521 1.06405e-10
270.587 9.93425e-11
270.652 9.93445e-11
270.717 9.00633e-11
270.782 8.96963e-11
270.847 9.45673e-11
270.912 8.36086e-11
270.977 8.72667e-11
271.042 8.52295e-11
271.107 8.63329e-11
271.173 9.37011e-11
271.238 9.3256e-11
271.303 8.89759e-11
271.368 9.2545e-11
271.433 7.91887e-11
271.498 8.57109e-11
271.563 8.16525e-11
271.628 6.98391e-11
271.694 7.30065e-11
271.759 6.96738e-11
271.824 6.64111e-11
271.889 6.73403e-11
271.954 5.91194e-11
272.019 5.2529e-11
272.084 5.20484e-11
272.149 5.75156e-11
272.215 5.78253e-11
272.28 5.01693e-11
272.345 7.0205e-11
272.41 6.22608e-11
272.475 5.83643e-11
272.54 6.78556e-11
272.605 6.91948e-11
272.67 6.88223e-11
272.736 6.43095e-11
272.801 7.43095e-11
272.866 8.09857e-11
272.931 9.32002e-11
272.996 8.19588e-11
273.061 1.01575e-10
273.126 8.0057e-11
273.191 9.6977e-11
273.257 9.17697e-11
273.322 7.38557e-11
273.387 7.09731e-11
273.452 6.40193e-11
273.517 6.67129e-11
273.582 5.45197e-11
273.647 5.8644e-11
273.712 6.49531e-11
273.778 5.85784e-11
273.843 5.43271e-11
273.908 6.29567e-11
273.973 4.68744e-11
274.038 4.057e-11
274.103 4.58625e-11
274.168 5.52378e-11
274.234 4.42631e-11
274.299 3.91942e-11
274.364 5.81972e-11
274.429 5.21816e-11
274.494 4.01712e-11
274.559 4.31885e-11
274.624 4.47153e-11
274.689 5.01488e-11
274.755 5.16776e-11
274.82 4.28996e-11
274.885 3.89289e-11
274.95 4.02095e-11
275.015 5.86947e-11
275.08 5.16162e-11
275.145 7.65424e-11
275.21 5.68666e-11
275.276 6.84744e-11
275.341 8.15565e-11
275.406 6.89505e-11
275.471 6.03087e-11
275.536 4.96469e-11
275.601 4.91429e-11
275.666 6.51898e-11
275.732 6.51299e-11
275.797 7.34509e-11
275.862 7.86595e-11
275.927 8.61707e-11
275.992 9.1121e-11
276.057 9.21902e-11
276.122 1.04232e-10
276.187 8.19778e-11
276.253 7.98143e-11
276.318 8.3542e-11
276.383 8.80279e-11
276.448 8.6828e-11
276.513 1.01529e-10
276.578 9.6798e-11
276.643 9.61304e-11
276.708 1.03785e-10
276.774 9.01317e-11
276.839 1.04663e-10
276.904 9.4858e-11
276.969 8.454e-11
277.034 9.27835e-11
277.099 8.31137e-11
277.164 9.31569e-11
277.23 9.93252e-11
277.295 1.01028e-10
277.36 1.08794e-10
277.425 1.13682e-10
277.49 9.91613e-11
277.555 9.75073e-11
277.62 9.29924e-11
277.685 9.70923e-11
277.751 8.66574e-11
277.816 7.14087e-11
277.881 7.11113e-11
277.946 7.42391e-11
278.011 7.16036e-11
278.076 7.45726e-11
278.141 6.40114e-11
278.206 6.61812e-11
278.272 7.28045e-11
278.337 6.6307e-11
278.402 7.17012e-11
278.467 6.12081e-11
278.532 6.96844e-11
278.597 5.98368e-11
278.662 7.54342e-11
278.727 6.40408e-11
278.793 6.52711e-11
278.858 6.20755e-11
278.923 5.81331e-11
278.988 5.0609e-11
279.053 5.14602e-11
279.118 6.27212e-11
279.183 4.32848e-11
279.248 4.52709e-11
279.314 3.3222e-11
279.379 2.63838e-11
279.444 2.89438e-11
279.509 3.45482e-11
279.574 3.061e-11
279.639 3.21629e-11
279.704 2.10376e-11
279.769 3.67889e-11
279.835 3.20727e-11
279.9 3.83268e-11
279.965 3.80629e-11
280.03 3.18401e-11
280.095 3.74319e-11
280.16 3.50121e-11
280.225 3.62126e-11
280.29 4.33487e-11
280.355 3.88864e-11
280.421 4.30968e-11
280.486 3.33969e-11
280.551 4.6075e-11
280.616 4.87388e-11
280.681 5.01487e-11
280.746 5.35088e-11
280.811 6.45003e-11
280.876 5.85437e-11
280.942 6.53987e-11
281.007 6.67756e-11
281.072 7.11706e-11
281.137 7.28007e-11
281.202 7.42759e-11
281.267 6.78787e-11
281.332 9.15033e-11
281.397 9.38356e-11
281.462 9.49602e-11
281.528 9.39386e-11
281.593 1.09041e-10
281.658 1.02926e-10
281.723 1.08468e-10
281.788 1.11988e-10
281.853 1.07097e-10
281.918 1.1537e-10
281.983 1.21495e-10
282.048 1.28321e-10
282.114 1.33249e-10
282.179 1.36544e-10
282.244 1.32735e-10
282.309 1.41504e-10
282.374 1.33796e-10
282.439 1.38504e-10
282.504 1.42379e-10
282.569 1.28104e-10
282.634 1.41927e-10
282.7 1.3649e-10
282.765 1.36794e-10
282.83 1.37005e-10
282.895 1.56083e-10
282.96 1.54257e-10
283.025 1.56955e-10
283.09 1.51682e-10
283.155 1.66027e-10
283.22 1.64995e-10
283.285 1.61087e-10
283.351 1.52797e-10
283.416 1.34739e-10
283.481 1.38409e-10
283.546 1.39602e-10
283.611 1.47926e-10
283.676 1.46894e-10
283.741 1.35645e-10
283.806 1.37705e-10
283.871 1.56589e-10
283.936 1.55967e-10
284.002 1.59281e-10
284.067 1.59135e-10
284.132 1.48329e-10
284.197 1.36967e-10
284.262 1.225e-10
284.327 1.41774e-10
284.392 1.41848e-10
284.457 1.3554e-10
284.522 1.22872e-10
284.587 1.0994e-10
284.653 1.1048e-10
284.718 1.11004e-10
284.783 1.04814e-10
284.848 9.76913e-11
284.913 7.46779e-11
284.978 6.69728e-11
285.043 6.15799e-11
285.108 5.39596e-11
285.173 5.95875e-11
285.238 4.37525e-11
285.303 4.10565e-11
285.369 3.76382e-11
285.434 4.75218e-11
285.499 6.16432e-11
285.564 6.78841e-11
285.629 7.66139e-11
285.694 8.54192e-11
285.759 1.12854e-10
285.824 1.15621e-10
285.889 1.4005e-10
285.954 1.39748e-10
286.019 1.63942e-10
286.084 1.5004e-10
286.15 1.73088e-10
286.215 1.74267e-10
286.28 1.78084e-10
286.345 1.91813e-10
286.41 1.80883e-10
286.475 1.92631e-10
286.54 1.8336e-10
286.605 1.92151e-10
286.67 1.82981e-10
286.735 1.8537e-10
286.8 1.73113e-10
286.865 1.75149e-10
286.931 1.86983e-10
286.996 1.94747e-10
287.061 1.98572e-10
287.126 2.12627e-10
287.191 2.14478e-10
287.256 2.16849e-10
287.321 2.31885e-10
287.386 2.32044e-10
287.451 2.05586e-10
287.516 2.0778e-10
287.581 2.0811e-10
287.646 2.02872e-10
287.711 2.11143e-10
287.777 1.97973e-10
287.842 1.73671e-10
287.907 1.76212e-10
287.972 1.5766e-10
288.037 1.35991e-10
288.102 1.28135e-10
288.167 1.16598e-10
288.232 1.17145e-10
288.297 1.36921e-10
288.362 1.40572e-10
288.427 1.71097e-10
288.492 1.97818e-10
288.557 2.24717e-10
288.622 2.35327e-10
288.688 2.41391e-10
288.753 2.60846e-10
288.818 2.53061e-10
288.883 2.50169e-10
288.948 2.56457e-10
289.013 2.4492e-10
289.078 2.55747e-10
289.143 2.50024e-10
289.208 2.525e-10
289.273 2.66887e-10
289.338 2.72574e-10
289.403 2.79498e-10
289.468 2.93459e-10
289.533 3.01752e-10
289.598 3.14273e-10
289.663 3.22837e-10
289.729 3.37415e-10
289.794 3.53551e-10
289.859 3.6544e-10
289.924 3.86474e-10
289.989 3.96411e-10
290.054 3.86187e-10
290.119 4.11307e-10
290.184 4.21111e-10
290.249 4.29775e-10
290.314 4.42057e-10
290.379 4.39608e-10
290.444 4.27282e-10
290.509 4.32873e-10
290.574 4.45707e-10
290.639 4.24891e-10
290.704 4.1594e-10
290.769 4.26149e-10
290.835 4.05419e-10
290.9 4.09792e-10
290.965 4.02714e-10
291.03 3.98966e-10
291.095 4.01588e-10
291.16 4.3386e-10
291.225 4.40904e-10
291.29 4.49909e-10
291.355 4.34654e-10
291.42 4.39536e-10
291.485 4.39592e-10
291.55 4.48152e-10
291.615 4.26426e-10
291.68 3.9774e-10
291.745 4.08276e-10
291.81 4.25757e-10
291.875 4.15996e-10
291.94 4.22653e-10
292.005 4.29335e-10
292.07 4.28181e-10
292.135 4.55465e-10
292.201 4.47295e-10
292.266 4.19463e-10
292.331 4.13164e-10
292.396 4.23888e-10
292.461 4.01771e-10
292.526 3.59101e-10
292.591 3.64761e-10
292.656 3.6742e-10
292.721 3.64047e-10
292.786 3.45119e-10
292.851 3.53131e-10
292.916 4.02561e-10
292.981 4.12113e-10
293.046 4.4149e-10
293.111 4.54039e-10
293.176 4.88751e-10
293.241 5.23313e-10
293.306 5.28661e-10
293.371 5.34566e-10
293.436 5.70795e-10
293.501 5.19528e-10
293.566 4.66519e-10
293.631 4.48818e-10
293.697 4.45508e-10
293.762 4.31146e-10
293.827 4.05784e-10
293.892 3.95184e-10
293.957 4.00617e-10
294.022 4.26051e-10
294.087 4.4295e-10
294.152 4.76576e-10
294.217 4.92288e-10
294.282 4.83754e-10
294.347 4.72631e-10
294.412 4.93423e-10
294.477 5.18466e-10
294.542 5.64251e-10
294.607 5.1871e-10
294.672 4.56182e-10
294.737 4.57206e-10
294.802 4.36165e-10
294.867 4.40101e-10
294.932 4.16366e-10
294.997 4.08416e-10
295.062 4.5111e-10
295.127 5.25512e-10
295.192 5.64905e-10
295.257 5.61684e-10
295.322 5.66639e-10
295.387 5.92683e-10
295.452 5.86205e-10
295.517 5.79403e-10
295.582 5.36088e-10
295.647 5.20193e-10
295.713 5.99457e-10
295.778 6.3647e-10
295.843 6.16519e-10
295.908 6.06359e-10
295.973 6.06334e-10
296.038 6.48569e-10
296.103 6.76439e-10
296.168 6.94563e-10
296.233 6.93464e-10
296.298 6.93905e-10
296.363 6.8268e-10
296.428 6.37708e-10
296.493 6.05002e-10
296.558 5.33053e-10
296.623 4.7444e-10
296.688 4.47635e-10
296.753 4.43798e-10
296.818 4.33474e-10
296.883 4.03491e-10
296.948 4.39308e-10
297.013 5.06118e-10
297.078 5.39511e-10
297.143 5.18178e-10
297.208 4.6616e-10
297.273 4.96712e-10
297.338 5.77411e-10
297.403 6.43246e-10
297.468 6.28359e-10
297.533 6.59796e-10
297.598 7.60772e-10
297.663 8.63952e-10
297.728 8.89005e-10
297.793 8.7149e-10
297.858 8.67522e-10
297.923 8.73005e-10
297.988 8.39736e-10
298.053 7.33033e-10
298.118 6.73923e-10
298.183 6.10256e-10
298.248 5.67703e-10
298.313 5.16453e-10
298.378 4.75046e-10
298.443 4.45418e-10
298.508 4.80021e-10
298.573 4.71757e-10
298.639 4.71613e-10
298.704 5.26735e-10
298.769 5.75579e-10
298.834 6.51943e-10
298.899 7.48384e-10
298.964 8.18806e-10
299.029 8.55829e-10
299.094 9.04322e-10
299.159 9.03081e-10
299.224 9.22838e-10
299.289 8.48176e-10
299.354 7.68837e-10
299.419 7.27294e-10
299.484 7.32509e-10
299.549 7.71517e-10
299.614 8.13287e-10
299.679 8.5202e-10
299.749 8.9353e-10
299.814 9.10684e-10
299.879 8.38338e-10
299.944 8.19526e-10
300.009 8.17417e-10
300.074 7.10807e-10
300.139 5.32631e-10
300.204 4.71324e-10
300.269 5.53098e-10
300.334 6.81064e-10
300.399 6.95018e-10
300.464 7.75689e-10
300.529 8.21984e-10
300.594 9.1583e-10
300.659 8.27461e-10
300.725 8.77362e-10
300.79 8.5148e-10
300.855 7.47798e-10
300.92 7.74109e-10
300.985 9.03497e-10
301.05 9.93415e-10
301.115 1.08465e-09
301.18 1.10413e-09
301.245 1.10363e-09
301.31 1.21463e-09
301.375 1.22609e-09
301.44 1.23567e-09
301.505 1.32532e-09
301.57 1.30582e-09
301.635 1.19374e-09
301.7 1.12051e-09
301.765 1.1403e-09
301.83 1.01279e-09
301.895 8.77849e-10
301.96 7.49006e-10
302.025 7.32637e-10
302.09 6.71393e-10
302.155 8.79276e-10
302.22 9.59276e-10
302.285 9.4442e-10
302.35 1.17372e-09
302.415 1.38355e-09
302.48 1.13151e-09
302.545 1.51659e-09
302.61 1.5257e-09
302.675 1.62468e-09
302.74 1.95748e-09
302.805 1.86316e-09
302.87 2.01157e-09
302.935 2.28523e-09
303 2.22152e-09
303.065 2.17691e-09
303.13 2.34185e-09
303.195 2.45446e-09
303.26 2.41676e-09
303.325 2.51142e-09
303.39 2.71793e-09
303.455 2.96362e-09
303.52 2.89145e-09
303.585 2.59479e-09
303.65 2.40972e-09
303.715 2.41685e-09
303.78 2.38791e-09
303.845 2.22863e-09
303.91 2.24862e-09
303.975 2.01195e-09
304.04 2.18337e-09
304.105 2.21085e-09
304.17 2.46906e-09
304.235 2.54591e-09
304.3 2.64862e-09
304.365 2.91515e-09
304.43 3.20738e-09
304.495 3.33422e-09
304.56 3.32042e-09
304.625 3.31054e-09
304.69 3.23609e-09
304.755 3.14369e-09
304.82 3.4062e-09
304.885 3.60195e-09
304.95 3.3541e-09
305.015 3.68833e-09
305.08 4.53965e-09
305.145 5.04699e-09
305.21 5.34234e-09
305.275 5.09918e-09
305.34 5.14274e-09
305.405 5.40037e-09
305.47 5.41882e-09
305.535 5.08529e-09
305.6 4.48902e-09
305.665 4.13321e-09
305.73 3.93606e-09
305.795 3.86774e-09
305.86 3.67671e-09
305.925 3.57707e-09
305.99 3.71892e-09
306.055 4.23446e-09
306.12 4.69533e-09
306.185 5.11058e-09
306.25 5.43165e-09
306.315 5.46464e-09
306.38 5.59935e-09
306.445 5.55865e-09
306.51 5.34605e-09
306.575 4.87021e-09
306.64 4.80481e-09
306.705 5.02272e-09
306.77 5.59444e-09
306.835 6.01379e-09
306.9 6.31934e-09
306.965 6.93073e-09
307.03 7.64298e-09
307.095 8.07132e-09
307.16 8.47596e-09
307.225 8.99803e-09
307.29 9.12527e-09
307.355 9.34684e-09
307.42 9.00246e-09
307.485 8.83596e-09
307.55 9.69606e-09
307.615 1.00824e-08
307.68 9.77213e-09
307.745 9.54991e-09
307.81 9.87336e-09
307.875 1.07199e-08
307.94 1.09618e-08
308.005 1.04425e-08
308.07 9.8331e-09
308.135 9.92253e-09
308.2 9.96594e-09
308.265 9.85883e-09
308.33 1.029e-08
308.395 1.08377e-08
308.46 1.17651e-08
308.525 1.23596e-08
308.59 1.23946e-08
308.655 1.25222e-08
308.72 1.2731e-08
308.785 1.22817e-08
308.85 1.18152e-08
308.915 1.13193e-08
308.98 1.08008e-08
309.045 1.06166e-08
309.11 1.05004e-08
309.175 9.72811e-09
309.24 9.15336e-09
309.305 9.50539e-09
309.37 1.05801e-08
309.435 1.18309e-08
309.5 1.25355e-08
309.565 1.22075e-08
309.63 1.34351e-08
309.695 1.44483e-08
309.76 1.53352e-08
309.825 1.4421e-08
309.89 1.30107e-08
309.955 1.21625e-08
310.02 1.22661e-08
310.085 1.18789e-08
310.15 1.2181e-08
310.215 1.26509e-08
310.28 1.40014e-08
310.345 1.61279e-08
310.41 1.78326e-08
310.475 1.98114e-08
310.54 2.21312e-08
310.605 2.32029e-08
310.67 2.41055e-08
310.735 2.52429e-08
310.8 2.60238e-08
310.865 2.65741e-08
310.93 2.64128e-08
310.995 2.70577e-08
311.06 2.72555e-08
311.125 2.75932e-08
311.19 2.72148e-08
311.255 2.66639e-08
311.32 2.59916e-08
311.385 2.72701e-08
311.45 2.76329e-08
311.515 2.74205e-08
311.58 2.63936e-08
311.645 2.59448e-08
311.71 2.57657e-08
311.775 2.64161e-08
311.84 2.56917e-08
311.905 2.4559e-08
311.97 2.47779e-08
312.035 2.56425e-08
312.1 2.54541e-08
312.165 2.66806e-08
312.23 2.7907e-08
312.295 3.06194e-08
312.36 3.14963e-08
312.425 3.11757e-08
312.49 3.19942e-08
312.555 3.34614e-08
312.62 3.44128e-08
312.685 3.47973e-08
312.75 3.33499e-08
312.815 3.40909e-08
312.88 3.59027e-08
312.945 3.60766e-08
313.01 3.6944e-08
313.075 3.58473e-08
313.14 3.54032e-08
313.205 3.5893e-08
313.27 3.41659e-08
313.335 3.28362e-08
313.4 3.35363e-08
313.465 3.29957e-08
313.53 3.22926e-08
313.595 3.30146e-08
313.66 3.46352e-08
313.725 3.69505e-08
313.79 3.99484e-08
313.855 4.01484e-08
313.92 4.19971e-08
313.985 4.46088e-08
314.05 4.68697e-08
314.115 4.76629e-08
314.18 4.61361e-08
314.245 4.24682e-08
314.31 3.90511e-08
314.375 3.74295e-08
314.44 3.62364e-08
314.505 3.52315e-08
314.57 3.47058e-08
314.635 3.51785e-08
314.7 3.86555e-08
314.765 4.47997e-08
314.83 4.92879e-08
314.895 5.02804e-08
314.96 5.09022e-08
315.025 5.22047e-08
315.09 5.35412e-08
315.155 5.40672e-08
315.22 5.31262e-08
315.285 5.10194e-08
315.35 4.99191e-08
315.415 4.86281e-08
315.48 4.73958e-08
315.546 4.56349e-08
315.611 4.18382e-08
315.676 3.88926e-08
315.741 3.59735e-08
315.806 3.50519e-08
315.871 3.38983e-08
315.936 3.30256e-08
316.001 3.20958e-08
316.066 3.40241e-08
316.131 3.66479e-08
316.196 4.08295e-08
316.261 4.46829e-08
316.326 4.62044e-08
316.391 4.85724e-08
316.456 5.26029e-08
316.521 5.38876e-08
316.586 5.78221e-08
316.651 5.86737e-08
316.716 5.80967e-08
316.781 5.87869e-08
316.846 6.01873e-08
316.911 6.14314e-08
316.976 6.5622e-08
317.041 6.63281e-08
317.106 6.66884e-08
317.171 7.10744e-08
317.236 7.33656e-08
317.301 7.51417e-08
317.366 7.41383e-08
317.431 7.17926e-08
317.496 7.16821e-08
317.561 7.24996e-08
317.626 6.98984e-08
317.691 6.78752e-08
317.756 6.42411e-08
317.821 6.13421e-08
317.886 5.93135e-08
317.951 5.60522e-08
318.016 5.11443e-08
318.081 4.82029e-08
318.146 4.86168e-08
318.211 4.87115e-08
318.276 5.28119e-08
318.341 5.52549e-08
318.406 5.76212e-08
318.471 6.29109e-08
318.536 6.59787e-08
318.601 6.8442e-08
318.666 7.24136e-08
318.731 7.38925e-08
318.796 8.10502e-08
318.861 8.61159e-08
318.926 8.63256e-08
318.991 8.66096e-08
319.056 8.46187e-08
319.121 7.97346e-08
319.186 7.57706e-08
319.251 6.95149e-08
319.315 6.25868e-08
319.38 6.00623e-08
319.445 5.97319e-08
319.51 5.961e-08
319.575 6.15547e-08
319.64 6.62597e-08
319.705 6.9526e-08
319.77 7.45866e-08
319.835 7.52705e-08
319.9 7.39316e-08
319.965 7.43482e-08
320.03 7.91088e-08
320.095 8.0538e-08
320.16 7.78791e-08
320.225 7.72691e-08
320.29 8.2121e-08
320.355 8.90616e-08
320.42 9.12607e-08
320.485 9.30326e-08
320.55 9.66025e-08
320.615 1.00985e-07
320.68 1.02684e-07
320.745 1.00249e-07
320.81 9.61123e-08
320.875 9.6747e-08
320.94 9.19606e-08
321.005 8.80979e-08
321.07 8.18122e-08
321.135 7.87281e-08
321.2 7.64972e-08
321.265 7.39942e-08
321.33 7.04625e-08
321.395 7.27778e-08
321.46 7.52425e-08
321.525 7.84772e-08
321.59 7.71331e-08
321.655 8.06178e-08
321.72 8.75102e-08
321.785 9.20957e-08
321.85 9.02297e-08
321.915 8.9333e-08
321.98 9.03457e-08
322.045 9.01119e-08
322.11 8.59647e-08
322.175 8.07558e-08
322.24 7.85585e-08
322.305 8.22411e-08
322.37 8.08012e-08
322.435 7.52284e-08
322.5 7.35341e-08
322.565 7.44662e-08
322.63 7.41701e-08
322.695 7.00421e-08
322.76 6.45098e-08
322.825 6.14073e-08
322.89 6.19361e-08
322.955 6.47597e-08
323.02 6.74194e-08
323.085 7.20956e-08
323.15 7.84718e-08
323.215 8.16415e-08
323.28 8.45317e-08
323.345 8.5583e-08
323.41 8.79956e-08
323.475 8.90228e-08
323.54 8.41459e-08
323.605 8.53154e-08
323.67 8.72201e-08
323.735 9.19778e-08
323.799 9.35863e-08
323.864 9.43895e-08
323.929 9.85087e-08
323.994 1.06204e-07
324.059 1.04969e-07
324.124 1.04902e-07
324.189 1.02902e-07
324.254 1.06785e-07
324.319 1.06763e-07
324.384 1.06036e-07
324.449 1.06062e-07
324.514 1.10011e-07
324.579 1.0717e-07
324.644 1.02491e-07
324.709 1.00087e-07
324.774 9.82993e-08
324.839 9.40145e-08
324.904 9.07274e-08
324.969 8.52157e-08
325.034 8.54627e-08
325.099 8.97172e-08
325.164 9.32122e-08
325.229 9.68579e-08
325.294 9.65713e-08
325.359 9.99952e-08
325.424 1.08854e-07
325.489 1.12125e-07
325.554 1.16277e-07
325.618 1.18481e-07
325.683 1.21295e-07
325.748 1.29765e-07
325.813 1.35681e-07
325.878 1.35998e-07
325.943 1.39794e-07
326.008 1.40127e-07
326.073 1.4246e-07
326.138 1.46997e-07
326.203 1.48079e-07
326.268 1.44659e-07
326.333 1.40188e-07
326.398 1.36627e-07
326.463 1.35913e-07
326.528 1.42081e-07
326.593 1.40914e-07
326.658 1.41995e-07
326.723 1.44144e-07
326.788 1.49278e-07
326.852 1.51771e-07
326.917 1.53543e-07
326.982 1.45393e-07
327.047 1.3998e-07
327.112 1.36426e-07
327.177 1.35788e-07
327.242 1.33343e-07
327.307 1.31433e-07
327.372 1.33191e-07
327.437 1.37215e-07
327.502 1.39553e-07
327.567 1.3773e-07
327.632 1.3474e-07
327.697 1.33035e-07
327.762 1.31129e-07
327.826 1.25301e-07
327.891 1.19059e-07
327.956 1.19024e-07
328.021 1.19926e-07
328.086 1.19477e-07
328.151 1.16562e-07
328.216 1.18036e-07
328.281 1.25429e-07
328.346 1.27689e-07
328.411 1.27744e-07
328.476 1.28137e-07
328.541 1.24397e-07
328.605 1.24049e-07
328.67 1.24819e-07
328.735 1.20895e-07
328.8 1.22915e-07
328.865 1.29003e-07
328.93 1.34353e-07
328.995 1.43352e-07
329.06 1.51186e-07
329.125 1.54751e-07
329.19 1.62119e-07
329.255 1.67817e-07
329.319 1.69102e-07
329.384 1.66625e-07
329.449 1.6825e-07
329.514 1.69706e-07
329.579 1.73012e-07
329.644 1.73635e-07
329.709 1.69404e-07
329.774 1.66996e-07
329.839 1.69159e-07
329.904 1.74795e-07
329.968 1.78289e-07
330.033 1.79674e-07
330.098 1.71382e-07
330.163 1.68826e-07
330.228 1.66733e-07
330.293 1.64728e-07
330.358 1.55933e-07
330.423 1.44536e-07
330.487 1.33193e-07
330.552 1.30143e-07
330.617 1.31518e-07
330.682 1.32523e-07
330.747 1.3099e-07
330.812 1.30599e-07
330.877 1.31229e-07
330.942 1.36599e-07
331.006 1.43605e-07
331.071 1.42081e-07
331.136 1.3853e-07
331.201 1.36548e-07
331.266 1.33244e-07
331.331 1.27651e-07
331.396 1.2681e-07
331.46 1.22039e-07
331.525 1.23587e-07
331.59 1.25093e-07
331.655 1.24713e-07
331.72 1.2624e-07
331.785 1.29831e-07
331.85 1.32758e-07
331.914 1.31179e-07
331.979 1.29836e-07
304.61 2.26343e-09
304.802 2.31695e-09
304.994 2.64797e-09
305.186 2.70039e-09
305.378 3.03343e-09
305.569 2.58953e-09
305.761 2.66442e-09
305.953 2.7932e-09
306.145 2.94112e-09
306.336 3.26864e-09
306.528 3.46993e-09
306.72 3.46591e-09
306.911 3.74033e-09
307.103 4.47518e-09
307.295 5.05459e-09
307.486 5.20177e-09
307.678 5.93096e-09
307.869 6.13586e-09
308.061 6.65967e-09
308.252 6.99574e-09
308.444 7.95922e-09
308.635 8.85885e-09
308.827 9.34763e-09
309.018 8.93417e-09
309.21 9.23003e-09
309.401 1.02611e-08
309.592 1.17471e-08
309.784 1.21101e-08
309.975 1.19916e-08
310.166 1.31736e-08
310.358 1.61271e-08
310.549 1.97638e-08
310.74 2.2757e-08
310.932 2.39815e-08
311.123 2.45176e-08
311.314 2.43949e-08
311.505 2.41562e-08
311.697 2.36314e-08
311.888 2.34578e-08
312.079 2.4533e-08
312.27 2.67068e-08
312.461 2.89531e-08
312.653 3.06358e-08
312.844 3.17518e-08
313.035 3.21715e-08
313.226 3.14603e-08
313.417 3.08479e-08
313.608 3.25843e-08
313.799 3.62148e-08
313.991 3.91168e-08
314.182 3.8619e-08
314.373 3.47753e-08
314.564 3.56076e-08
314.755 3.95894e-08
314.946 4.51787e-08
315.137 4.60542e-08
315.328 4.46882e-08
315.519 4.00512e-08
315.71 3.49291e-08
315.901 3.25286e-08
316.092 3.51977e-08
316.283 4.16935e-08
316.474 4.79897e-08
316.665 5.23315e-08
316.856 5.5585e-08
317.047 6.04527e-08
317.238 6.34315e-08
317.429 6.41403e-08
317.62 6.07686e-08
317.811 5.45786e-08
318.002 4.89849e-08
318.193 4.80173e-08
318.384 5.34367e-08
318.575 6.16316e-08
318.766 7.0253e-08
318.956 7.36065e-08
319.147 6.69297e-08
319.338 5.96606e-08
319.529 5.83003e-08
319.72 6.37623e-08
319.911 6.84634e-08
320.102 7.13263e-08
320.293 7.71181e-08
320.484 8.45526e-08
320.675 8.82188e-08
320.865 8.41265e-08
321.056 7.63337e-08
321.247 7.0282e-08
321.438 7.00516e-08
321.629 7.57256e-08
321.82 8.09439e-08
322.011 8.01414e-08
322.202 7.60312e-08
322.392 7.22247e-08
322.583 6.68364e-08
322.774 6.29961e-08
322.965 6.43842e-08
323.156 7.31285e-08
323.347 7.86015e-08
323.538 8.15127e-08
323.728 8.5284e-08
323.919 9.18661e-08
324.11 9.68702e-08
324.301 9.78747e-08
324.492 9.83739e-08
324.683 9.27181e-08
324.873 8.59644e-08
325.064 8.48626e-08
325.255 9.11391e-08
325.446 1.00838e-07
325.637 1.12467e-07
325.828 1.22222e-07
326.019 1.2938e-07
326.209 1.30859e-07
326.4 1.28332e-07
326.591 1.30643e-07
326.782 1.34109e-07
326.973 1.32545e-07
327.164 1.25891e-07
327.355 1.24808e-07
327.545 1.2404e-07
327.736 1.19072e-07
327.927 1.12979e-07
328.118 1.1163e-07
328.309 1.14433e-07
328.5 1.15342e-07
328.691 1.14456e-07
328.882 1.2391e-07
329.072 1.37618e-07
329.263 1.49789e-07
329.454 1.54318e-07
329.645 1.55016e-07
329.836 1.56824e-07
330.027 1.5821e-07
330.218 1.48489e-07
330.409 1.34428e-07
330.6 1.22052e-07
330.79 1.23051e-07
330.981 1.26988e-07
331.172 1.28579e-07
331.363 1.24795e-07
331.554 1.26838e-07
331.745 1.35012e-07
331.936 1.4001e-07
332.127 1.34882e-07
332.318 1.29722e-07
332.509 1.34618e-07
332.7 1.37493e-07
332.891 1.34753e-07
333.082 1.33342e-07
333.273 1.34658e-07
333.464 1.26585e-07
333.655 1.16847e-07
333.846 1.18003e-07
334.037 1.24372e-07
334.228 1.31458e-07
334.419 1.39689e-07
334.61 1.43678e-07
334.801 1.3544e-07
334.992 1.30811e-07
335.183 1.38441e-07
335.374 1.48489e-07
335.565 1.53291e-07
335.756 1.40184e-07
335.947 1.11431e-07
336.138 9.72887e-08
336.329 1.11759e-07
336.52 1.28579e-07
336.711 1.24477e-07
336.902 1.09382e-07
337.093 9.99163e-08
337.284 1.03619e-07
337.475 1.21108e-07
337.666 1.36548e-07
337.857 1.31272e-07
338.048 1.1997e-07
338.24 1.21433e-07
338.431 1.32527e-07
338.622 1.40153e-07
338.813 1.41714e-07
339.004 1.40173e-07
339.195 1.28576e-07
339.386 1.23612e-07
339.578 1.32106e-07
339.769 1.46872e-07
339.96 1.56351e-07
340.151 1.5555e-07
340.342 1.48136e-07
340.533 1.39418e-07
340.725 1.34739e-07
340.916 1.3377e-07
341.107 1.36527e-07
341.298 1.29251e-07
341.49 1.2237e-07
341.681 1.26884e-07
341.872 1.43063e-07
342.063 1.49842e-07
342.255 1.4221e-07
342.446 1.36656e-07
342.637 1.36167e-07
342.828 1.44922e-07
343.02 1.51779e-07
343.211 1.46098e-07
343.402 1.4096e-07
343.594 1.39102e-07
343.785 1.32527e-07
343.976 1.10735e-07
344.168 9.26582e-08
344.359 9.1757e-08
344.55 1.03152e-07
344.742 1.17597e-07
344.933 1.3312e-07
345.124 1.38463e-07
345.316 1.38435e-07
345.507 1.40161e-07
345.699 1.36396e-07
345.89 1.24571e-07
346.081 1.15359e-07
346.273 1.23321e-07
346.464 1.30625e-07
346.656 1.35038e-07
346.847 1.3961e-07
347.039 1.44174e-07
347.23 1.36604e-07
347.422 1.20692e-07
347.613 1.09986e-07
347.805 1.186e-07
347.996 1.31482e-07
348.188 1.33419e-07
348.379 1.26787e-07
348.571 1.30644e-07
348.762 1.34761e-07
348.954 1.25346e-07
349.145 1.15142e-07
349.337 1.17627e-07
349.529 1.19266e-07
349.72 1.19501e-07
349.912 1.32314e-07
350.103 1.48831e-07
350.295 1.58717e-07
350.487 1.54549e-07
350.678 1.50352e-07
350.87 1.45362e-07
351.062 1.39559e-07
351.253 1.28776e-07
351.445 1.23482e-07
351.637 1.35804e-07
351.828 1.49446e-07
352.02 1.4571e-07
352.212 1.30546e-07
352.404 1.14017e-07
352.595 1.06879e-07
352.787 1.20311e-07
352.979 1.37806e-07
353.171 1.41364e-07
353.362 1.43363e-07
353.554 1.46885e-07
353.746 1.51851e-07
353.938 1.53559e-07
354.13 1.51509e-07
354.321 1.52459e-07
354.513 1.55812e-07
354.705 1.5648e-07
354.897 1.56587e-07
355.089 1.55763e-07
355.281 1.46769e-07
355.473 1.39305e-07
355.665 1.39251e-07
355.856 1.39046e-07
356.048 1.41693e-07
356.24 1.48357e-07
356.432 1.35343e-07
356.624 1.17529e-07
356.816 1.06129e-07
357.008 1.01762e-07
357.2 1.05639e-07
357.392 1.1709e-07
357.584 1.27043e-07
357.776 1.2399e-07
357.968 1.05475e-07
358.16 8.91992e-08
358.352 8.56086e-08
358.544 8.4542e-08
358.736 8.74281e-08
358.928 1.02637e-07
359.121 1.25775e-07
359.313 1.36254e-07
359.505 1.44108e-07
359.697 1.5125e-07
359.889 1.58604e-07
360.081 1.56773e-07
360.273 1.43097e-07
360.465 1.28016e-07
360.658 1.21317e-07
360.85 1.11968e-07
361.042 1.11952e-07
361.234 1.19402e-07
361.426 1.31355e-07
361.619 1.32316e-07
361.811 1.13979e-07
362.003 1.0491e-07
362.195 1.18426e-07
362.388 1.36508e-07
362.58 1.53287e-07
362.772 1.63995e-07
362.965 1.49455e-07
363.157 1.22678e-07
363.349 1.13954e-07
363.541 1.23789e-07
363.734 1.36917e-07
363.926 1.50154e-07
364.119 1.54485e-07
364.311 1.46116e-07
364.503 1.34095e-07
364.696 1.23334e-07
364.888 1.21035e-07
365.081 1.31894e-07
365.273 1.50214e-07
365.465 1.60201e-07
365.658 1.65306e-07
365.85 1.70909e-07
366.043 1.74404e-07
366.235 1.68788e-07
366.428 1.63625e-07
366.62 1.61143e-07
366.813 1.57002e-07
367.005 1.55168e-07
367.198 1.61921e-07
367.39 1.68254e-07
367.583 1.64188e-07
367.776 1.52445e-07
367.968 1.41519e-07
368.161 1.42953e-07
368.353 1.4982e-07
368.546 1.46208e-07
368.739 1.36506e-07
368.931 1.42651e-07
369.124 1.62116e-07
369.317 1.67555e-07
369.509 1.62297e-07
369.702 1.62479e-07
369.895 1.72736e-07
370.087 1.77602e-07
370.28 1.66294e-07
370.473 1.41779e-07
370.666 1.26519e-07
370.858 1.2559e-07
371.051 1.41979e-07
371.244 1.6524e-07
371.437 1.81866e-07
371.63 1.80753e-07
371.822 1.55789e-07
372.015 1.20022e-07
372.208 1.07805e-07
372.401 1.30229e-07
372.594 1.49346e-07
372.787 1.52194e-07
372.979 1.49345e-07
373.172 1.39389e-07
373.365 1.10803e-07
373.558 8.80723e-08
373.751 9.46467e-08
373.944 1.25634e-07
374.137 1.46063e-07
374.33 1.37572e-07
374.523 1.15245e-07
374.716 9.90237e-08
374.909 9.18158e-08
375.102 1.09022e-07
375.295 1.40901e-07
375.488 1.67626e-07
375.681 1.56896e-07
375.874 1.34147e-07
376.067 1.29902e-07
376.26 1.36406e-07
376.453 1.40082e-07
376.647 1.36687e-07
376.84 1.38199e-07
377.033 1.41751e-07
377.226 1.54407e-07
377.419 1.64906e-07
377.612 1.70649e-07
377.805 1.72448e-07
377.999 1.79766e-07
378.192 1.86398e-07
378.385 1.88542e-07
378.578 1.73568e-07
378.772 1.53263e-07
378.965 1.42301e-07
379.158 1.45172e-07
379.351 1.41819e-07
379.545 1.34355e-07
379.738 1.21968e-07
379.931 1.22324e-07
380.125 1.38186e-07
380.318 1.60013e-07
380.511 1.65187e-07
380.705 1.58364e-07
380.898 1.60338e-07
381.091 1.66656e-07
381.285 1.55363e-07
381.478 1.30278e-07
381.672 1.22591e-07
381.865 1.20643e-07
382.058 1.13399e-07
382.252 1.11132e-07
382.445 1.05009e-07
382.639 9.22126e-08
382.832 8.72501e-08
383.026 9.2383e-08
383.219 8.84584e-08
383.413 8.41248e-08
383.606 8.70747e-08
383.8 8.6079e-08
383.994 8.49062e-08
384.187 1.01551e-07
384.381 1.25353e-07
384.574 1.3811e-07
384.768 1.40636e-07
384.962 1.35103e-07
385.155 1.34648e-07
385.349 1.34452e-07
385.543 1.28868e-07
385.736 1.17324e-07
385.93 1.02762e-07
386.124 1.08257e-07
386.317 1.30994e-07
386.511 1.43514e-07
386.705 1.39875e-07
386.898 1.29367e-07
387.092 1.13071e-07
387.286 1.11155e-07
387.48 1.3026e-07
387.674 1.37453e-07
387.867 1.27707e-07
388.061 1.18515e-07
388.255 1.20155e-07
388.449 1.23159e-07
388.643 1.19084e-07
388.837 1.12688e-07
389.031 1.2378e-07
389.225 1.43884e-07
389.418 1.52492e-07
389.612 1.55776e-07
389.806 1.57624e-07
390 1.59052e-07
390.194 1.55075e-07
390.388 1.46618e-07
390.582 1.40268e-07
390.776 1.50938e-07
390.97 1.65528e-07
391.164 1.74977e-07
391.358 1.77094e-07
391.552 1.74418e-07
391.746 1.68055e-07
391.94 1.54889e-07
392.135 1.41844e-07
392.329 1.39421e-07
392.523 1.38373e-07
392.717 1.21134e-07
392.911 9.44621e-08
393.105 6.98687e-08
393.299 5.16348e-08
393.494 4.77317e-08
393.688 6.2099e-08
393.882 8.81436e-08
394.076 1.10732e-07
394.27 1.18729e-07
394.465 1.26328e-07
394.659 1.39933e-07
394.853 1.54726e-07
395.047 1.64117e-07
395.242 1.6627e-07
395.436 1.66812e-07
395.63 1.6411e-07
395.825 1.65536e-07
396.019 1.53876e-07
396.213 1.28969e-07
396.408 1.07093e-07
396.602 8.56001e-08
396.797 6.23297e-08
396.991 5.64281e-08
397.185 7.46576e-08
397.38 1.02839e-07
397.574 1.29453e-07
397.769 1.53838e-07
397.963 1.75188e-07
398.158 1.84673e-07
398.352 1.84577e-07
398.547 1.82949e-07
398.741 1.90204e-07
398.936 1.97986e-07
399.131 2.04701e-07
399.325 2.06654e-07
399.52 2.04638e-07
399.714 1.96979e-07
399.909 2.01058e-07
400.104 2.11422e-07
400.298 2.16429e-07
400.493 2.00731e-07
400.687 1.94671e-07
400.882 2.03471e-07
401.077 2.15887e-07
401.272 2.19541e-07
401.466 2.21199e-07
401.661 2.16834e-07
401.856 2.17205e-07
402.051 2.19973e-07
402.245 2.21713e-07
402.44 2.195e-07
402.635 2.22131e-07
402.83 2.24941e-07
403.025 2.12109e-07
403.219 1.94442e-07
403.414 1.89827e-07
403.609 2.06464e-07
403.804 2.24537e-07
403.999 2.28094e-07
404.194 2.24831e-07
404.389 2.03939e-07
404.584 1.79848e-07
404.779 1.86579e-07
404.974 2.1245e-07
405.168 2.22594e-07
405.363 2.13622e-07
405.559 2.04781e-07
405.754 1.97592e-07
405.949 2.0261e-07
406.144 2.02566e-07
406.339 1.89176e-07
406.534 1.83769e-07
406.729 1.9627e-07
406.924 2.09614e-07
407.119 2.02871e-07
407.314 2.02012e-07
407.509 2.02705e-07
407.704 1.94449e-07
407.9 1.93085e-07
408.095 2.10554e-07
408.29 2.18215e-07
408.485 2.12522e-07
408.68 2.17968e-07
408.876 2.30869e-07
409.071 2.31701e-07
409.266 2.26431e-07
409.461 2.18954e-07
409.657 2.08433e-07
409.852 1.97799e-07
410.047 1.77585e-07
410.243 1.65405e-07
410.438 1.78397e-07
410.633 2.01423e-07
410.829 2.12529e-07
411.024 2.1364e-07
411.22 2.17758e-07
411.415 2.26665e-07
411.61 2.33532e-07
411.806 2.28739e-07
412.001 2.23077e-07
412.197 2.22189e-07
412.392 2.25427e-07
412.588 2.24308e-07
412.783 2.20317e-07
412.979 2.17364e-07
413.174 2.0877e-07
413.37 2.02481e-07
413.565 2.13064e-07
413.761 2.28742e-07
413.957 2.37502e-07
414.152 2.28142e-07
414.348 2.08985e-07
414.543 2.07913e-07
414.739 2.20045e-07
414.935 2.24309e-07
415.13 2.21566e-07
415.326 2.159e-07
415.522 2.10097e-07
415.718 2.10533e-07
415.913 2.18144e-07
416.109 2.2774e-07
416.305 2.3498e-07
416.501 2.35978e-07
416.696 2.27436e-07
416.892 2.24151e-07
417.088 2.16978e-07
417.284 2.05503e-07
417.48 2.02384e-07
417.676 2.06963e-07
417.871 2.13153e-07
418.067 2.14818e-07
418.263 2.12334e-07
418.459 2.13198e-07
418.655 2.07674e-07
418.851 2.06151e-07
419.047 2.12156e-07
419.243 2.24706e-07
419.439 2.25474e-07
419.635 2.13542e-07
419.831 1.99668e-07
420.027 1.96016e-07
420.223 1.99165e-07
420.419 2.10093e-07
420.615 2.2208e-07
420.811 2.29883e-07
421.007 2.30337e-07
421.204 2.33342e-07
421.4 2.29404e-07
421.596 2.19167e-07
421.792 2.17074e-07
421.988 2.27181e-07
422.184 2.32116e-07
422.381 2.16075e-07
422.577 1.81887e-07
422.773 1.73624e-07
422.969 2.01594e-07
423.166 2.24394e-07
423.362 2.2239e-07
423.558 2.0951e-07
423.754 2.03539e-07
423.951 2.07979e-07
424.147 2.1632e-07
424.343 2.23542e-07
424.54 2.26704e-07
424.736 2.1717e-07
424.933 2.02553e-07
425.129 2.03485e-07
425.325 2.10513e-07
425.522 2.12791e-07
425.718 2.16822e-07
425.915 2.06763e-07
426.111 1.97897e-07
426.308 2.0887e-07
426.504 2.27406e-07
426.701 2.29481e-07
426.897 2.14494e-07
427.094 1.90777e-07
427.29 1.78067e-07
427.487 1.84596e-07
427.684 2.06497e-07
427.88 2.16456e-07
428.077 2.1316e-07
428.273 2.11398e-07
428.47 2.09137e-07
428.667 2.03046e-07
428.863 1.92678e-07
429.06 1.87617e-07
429.257 1.94407e-07
429.453 2.01321e-07
429.65 1.94033e-07
429.847 1.70448e-07
430.044 1.51145e-07
430.241 1.46998e-07
430.437 1.51543e-07
430.634 1.50301e-07
430.831 1.4085e-07
431.028 1.38451e-07
431.225 1.53578e-07
431.421 1.85307e-07
431.618 2.21637e-07
431.815 2.46919e-07
432.012 2.49773e-07
432.209 2.31513e-07
432.406 1.96667e-07
432.603 1.80025e-07
432.8 2.0108e-07
432.997 2.2853e-07
433.194 2.39585e-07
433.391 2.41315e-07
433.588 2.33127e-07
433.785 2.06492e-07
433.982 1.75657e-07
434.179 1.71936e-07
434.376 1.94017e-07
434.573 2.17994e-07
434.77 2.32585e-07
434.968 2.34654e-07
435.165 2.19756e-07
435.362 2.13297e-07
435.559 2.21935e-07
435.756 2.31728e-07
435.953 2.33811e-07
436.151 2.3986e-07
436.348 2.46924e-07
436.545 2.50208e-07
436.742 2.44008e-07
436.94 2.38217e-07
437.137 2.33898e-07
437.334 2.2692e-07
437.531 2.18987e-07
437.729 2.25515e-07
437.926 2.34525e-07
438.123 2.2716e-07
438.321 1.94142e-07
438.518 1.82035e-07
438.716 2.00006e-07
438.913 2.17307e-07
439.11 2.21657e-07
439.308 2.25162e-07
439.505 2.286e-07
439.703 2.37386e-07
439.9 2.38089e-07
440.098 2.33862e-07
440.295 2.23594e-07
440.493 2.13626e-07
440.69 2.1554e-07
440.888 2.27214e-07
441.085 2.46716e-07
441.283 2.53876e-07
441.481 2.42549e-07
441.678 2.35688e-07
441.876 2.47089e-07
442.074 2.59442e-07
442.271 2.54553e-07
442.469 2.49438e-07
442.667 2.50385e-07
442.864 2.54541e-07
443.062 2.52904e-07
443.26 2.4962e-07
443.457 2.39682e-07
443.655 2.41767e-07
443.853 2.55154e-07
444.051 2.59438e-07
444.249 2.48551e-07
444.446 2.48567e-07
444.644 2.5705e-07
444.842 2.62156e-07
445.04 2.61635e-07
445.238 2.58162e-07
445.436 2.42901e-07
445.633 2.31107e-07
445.831 2.2903e-07
446.029 2.31312e-07
446.227 2.35746e-07
446.425 2.46535e-07
446.623 2.52328e-07
446.821 2.52764e-07
447.019 2.51121e-07
447.217 2.5932e-07
447.415 2.69262e-07
447.613 2.7467e-07
447.811 2.73496e-07
448.009 2.60627e-07
448.207 2.49569e-07
448.405 2.56431e-07
448.604 2.70174e-07
448.802 2.70461e-07
449 2.6196e-07
449.198 2.61076e-07
449.396 2.62519e-07
449.594 2.62316e-07
449.793 2.66859e-07
449.991 2.72446e-07
450.189 2.74249e-07
450.387 2.81317e-07
450.585 2.87874e-07
450.784 2.88612e-07
450.982 2.87363e-07
451.18 2.84247e-07
451.379 2.77833e-07
451.577 2.7327e-07
451.775 2.73423e-07
451.974 2.76889e-07
452.172 2.77979e-07
452.37 2.72385e-07
452.569 2.62575e-07
452.767 2.49202e-07
452.965 2.42346e-07
453.164 2.47049e-07
453.362 2.48539e-07
453.561 2.51724e-07
453.759 2.64704e-07
453.958 2.74833e-07
454.156 2.75789e-07
454.355 2.73066e-07
454.553 2.70733e-07
454.752 2.63954e-07
454.95 2.57588e-07
455.149 2.5871e-07
455.348 2.60653e-07
455.546 2.61962e-07
455.745 2.69057e-07
455.943 2.78934e-07
456.142 2.84692e-07
456.341 2.79009e-07
456.539 2.70234e-07
456.738 2.72676e-07
456.937 2.78571e-07
457.135 2.76977e-07
457.334 2.77571e-07
457.533 2.81368e-07
457.732 2.83727e-07
457.93 2.74552e-07
458.129 2.64679e-07
458.328 2.60241e-07
458.527 2.60746e-07
458.726 2.6695e-07
458.924 2.74934e-07
459.123 2.74725e-07
459.322 2.69121e-07
459.521 2.66378e-07
459.72 2.6649e-07
459.919 2.66331e-07
460.118 2.66043e-07
460.317 2.68282e-07
460.516 2.69786e-07
460.714 2.75016e-07
460.913 2.81413e-07
461.112 2.80698e-07
461.311 2.78015e-07
461.51 2.76714e-07
461.709 2.78089e-07
461.908 2.77309e-07
462.108 2.79409e-07
462.307 2.81485e-07
462.506 2.81745e-07
462.705 2.81316e-07
462.904 2.81878e-07
463.103 2.81971e-07
463.302 2.80381e-07
463.501 2.78579e-07
463.7 2.74098e-07
463.9 2.69689e-07
464.099 2.71207e-07
464.298 2.75841e-07
464.497 2.70591e-07
464.696 2.61698e-07
464.896 2.59567e-07
465.095 2.67719e-07
465.294 2.7303e-07
465.493 2.70657e-07
465.693 2.70593e-07
465.892 2.79156e-07
466.091 2.83924e-07
466.291 2.79608e-07
466.49 2.68361e-07
466.689 2.50742e-07
466.889 2.46332e-07
467.088 2.58383e-07
467.288 2.68736e-07
467.487 2.73313e-07
467.686 2.75648e-07
467.886 2.70285e-07
468.085 2.64616e-07
468.285 2.65967e-07
468.484 2.71436e-07
468.684 2.75127e-07
468.883 2.74283e-07
469.083 2.70975e-07
469.282 2.70353e-07
469.482 2.74723e-07
469.682 2.74876e-07
469.881 2.68532e-07
470.081 2.60199e-07
470.28 2.52671e-07
470.48 2.55227e-07
470.68 2.58782e-07
470.879 2.60087e-07
471.079 2.63579e-07
471.279 2.68149e-07
471.478 2.68041e-07
471.678 2.73353e-07
471.878 2.81535e-07
472.077 2.86608e-07
472.277 2.85853e-07
472.477 2.85449e-07
472.677 2.79861e-07
472.877 2.67946e-07
473.076 2.62451e-07
473.276 2.65949e-07
473.476 2.70639e-07
473.676 2.69918e-07
473.876 2.72135e-07
474.076 2.7445e-07
474.276 2.79366e-07
474.475 2.80384e-07
474.675 2.82441e-07
474.875 2.82305e-07
475.075 2.82464e-07
475.275 2.77178e-07
475.475 2.70473e-07
475.675 2.69127e-07
475.875 2.7487e-07
476.075 2.76181e-07
476.275 2.69449e-07
476.475 2.62013e-07
476.675 2.60674e-07
476.875 2.67663e-07
477.075 2.75005e-07
477.276 2.77041e-07
477.476 2.81324e-07
477.676 2.86291e-07
477.876 2.88397e-07
478.076 2.86925e-07
478.276 2.82965e-07
478.476 2.77568e-07
478.677 2.7251e-07
478.877 2.71984e-07
479.077 2.73968e-07
479.277 2.80235e-07
479.478 2.88792e-07
479.678 2.90588e-07
479.878 2.85319e-07
480.078 2.79964e-07
480.279 2.82155e-07
480.479 2.83852e-07
480.68 2.80951e-07
480.88 2.78043e-07
481.08 2.8117e-07
481.281 2.85003e-07
481.481 2.8812e-07
481.681 2.91273e-07
481.882 2.93501e-07
482.082 2.92369e-07
482.283 2.84971e-07
482.483 2.80334e-07
482.684 2.83269e-07
482.884 2.85724e-07
483.085 2.82861e-07
483.285 2.81669e-07
483.486 2.83768e-07
483.687 2.84956e-07
483.887 2.79929e-07
484.088 2.74787e-07
484.288 2.7402e-07
484.489 2.79636e-07
484.69 2.8166e-07
484.89 2.8094e-07
485.091 2.79812e-07
485.292 2.75954e-07
485.492 2.65672e-07
485.693 2.54301e-07
485.894 2.35213e-07
486.095 2.06381e-07
486.295 1.99777e-07
486.496 2.23611e-07
486.697 2.52293e-07
486.898 2.61639e-07
487.099 2.53088e-07
487.3 2.49314e-07
487.5 2.57798e-07
487.701 2.69251e-07
487.902 2.75453e-07
488.103 2.80647e-07
488.304 2.8067e-07
488.505 2.73185e-07
488.706 2.66645e-07
488.907 2.59284e-07
489.108 2.52656e-07
489.309 2.6278e-07
489.51 2.82988e-07
489.711 2.97331e-07
489.912 2.95389e-07
490.113 2.90796e-07
490.315 2.85766e-07
490.516 2.86899e-07
490.717 2.8848e-07
490.918 2.82356e-07
491.119 2.73524e-07
491.32 2.78521e-07
491.522 2.87772e-07
491.723 2.82745e-07
491.924 2.59099e-07
492.125 2.46253e-07
492.327 2.56881e-07
492.528 2.72442e-07
492.729 2.83854e-07
492.931 2.92665e-07
493.132 2.93677e-07
493.333 2.86045e-07
493.535 2.78875e-07
493.736 2.72437e-07
493.938 2.70124e-07
494.139 2.78725e-07
494.341 2.9294e-07
494.542 2.96345e-07
494.744 2.95398e-07
494.945 2.96629e-07
495.147 2.99209e-07
495.348 2.9672e-07
495.55 2.87736e-07
495.751 2.68649e-07
495.953 2.72999e-07
496.155 2.90789e-07
496.356 3.01939e-07
496.558 2.94982e-07
496.76 2.88851e-07
496.962 2.85043e-07
497.163 2.88618e-07
497.365 2.94806e-07
497.567 2.99283e-07
497.769 2.94734e-07
497.971 2.85785e-07
498.172 2.72649e-07
498.374 2.58186e-07
661.044 5.09571e-07
661.174 5.18244e-07
661.303 5.30014e-07
661.433 5.37424e-07
661.563 5.44465e-07
661.693 5.51456e-07
661.823 5.56201e-07
661.953 5.6219e-07
662.083 5.6724e-07
662.213 5.74979e-07
662.343 5.80225e-07
662.473 5.8063e-07
662.602 5.79652e-07
662.732 5.78231e-07
662.862 5.78243e-07
662.992 5.78935e-07
663.122 5.81824e-07
663.251 5.82e-07
663.381 5.7034e-07
663.511 5.57236e-07
663.641 5.57813e-07
663.77 5.73635e-07
663.9 5.83235e-07
664.03 5.83603e-07
664.159 5.82702e-07
664.289 5.81138e-07
664.419 5.73647e-07
664.548 5.72312e-07
664.678 5.77516e-07
664.808 5.87713e-07
664.937 5.89703e-07
665.067 5.90104e-07
665.196 5.92758e-07
665.326 5.93903e-07
665.456 5.91243e-07
665.585 5.90986e-07
665.715 5.91151e-07
665.844 5.91356e-07
665.974 5.92454e-07
666.103 5.92333e-07
666.233 5.8856e-07
666.362 5.78859e-07
666.492 5.72646e-07
666.621 5.7636e-07
666.751 5.88083e-07
666.88 5.89638e-07
667.009 5.91822e-07
667.139 5.93078e-07
667.268 5.93191e-07
667.398 5.94113e-07
667.527 5.97659e-07
667.656 5.98092e-07
667.786 5.88635e-07
667.915 5.73042e-07
668.044 5.74011e-07
668.174 5.86725e-07
668.303 5.98e-07
668.432 6.00219e-07
668.562 6.00653e-07
668.691 6.01379e-07
668.82 5.99736e-07
668.95 5.99899e-07
669.079 6.00129e-07
669.208 5.99085e-07
669.337 5.99369e-07
669.466 6.01044e-07
669.596 5.97643e-07
669.725 5.90688e-07
669.854 5.88156e-07
669.983 5.91144e-07
670.112 5.97439e-07
670.241 5.99342e-07
670.371 6.00242e-07
670.5 5.93585e-07
670.629 5.90028e-07
670.758 5.93958e-07
670.887 5.98117e-07
671.016 6.00335e-07
671.145 5.99001e-07
671.274 5.96664e-07
671.403 5.93643e-07
671.532 5.92288e-07
671.661 5.90052e-07
671.79 5.82611e-07
671.919 5.7697e-07
672.048 5.83066e-07
672.177 5.93067e-07
672.306 5.95265e-07
672.435 5.97492e-07
672.564 6.01643e-07
672.693 5.98549e-07
672.822 5.95933e-07
672.951 5.9724e-07
673.08 6.0473e-07
673.209 6.04872e-07
673.338 6.01946e-07
673.466 6.01639e-07
673.595 6.01487e-07
673.724 6.05481e-07
673.853 6.02186e-07
673.982 6.00767e-07
674.111 6.01364e-07
674.24 6.03364e-07
674.368 6.01845e-07
674.497 6.01297e-07
674.626 6.01848e-07
674.755 6.02106e-07
674.883 6.02437e-07
675.012 5.96022e-07
675.141 5.91277e-07
675.27 5.93869e-07
675.398 5.97564e-07
675.527 6.02734e-07
675.656 6.04942e-07
675.784 6.04343e-07
675.913 6.05636e-07
676.042 6.0634e-07
676.17 6.09405e-07
676.299 6.08415e-07
676.428 6.08842e-07
676.556 6.09042e-07
676.685 6.06403e-07
676.814 6.0077e-07
676.942 5.96047e-07
677.071 5.97942e-07
677.199 6.02952e-07
677.328 6.00846e-07
677.456 6.03494e-07
677.585 6.08461e-07
677.713 6.12257e-07
677.842 6.12963e-07
677.97 6.12841e-07
678.099 6.13225e-07
678.227 6.1211e-07
678.356 6.07166e-07
678.484 6.01876e-07
678.613 6.0278e-07
678.741 6.01935e-07
678.87 6.06195e-07
678.998 6.10764e-07
679.127 6.14457e-07
679.255 6.14375e-07
679.383 6.1221e-07
679.512 6.08059e-07
679.64 6.05684e-07
679.769 6.07071e-07
679.897 6.07736e-07
680.025 6.09476e-07
680.154 6.09707e-07
680.282 6.11905e-07
680.41 6.11059e-07
680.539 6.0859e-07
680.667 6.08495e-07
680.795 6.07492e-07
680.924 6.09761e-07
681.052 6.08228e-07
681.18 6.06035e-07
681.308 6.09082e-07
681.437 6.10901e-07
681.565 6.10672e-07
681.693 6.12436e-07
681.821 6.15387e-07
681.949 6.16546e-07
682.078 6.10512e-07
682.206 6.08649e-07
682.334 6.09913e-07
682.462 6.14471e-07
682.59 6.17153e-07
682.718 6.16703e-07
682.847 6.11386e-07
682.975 6.04936e-07
683.103 6.06473e-07
683.231 6.13639e-07
683.359 6.17342e-07
683.487 6.16454e-07
683.615 6.16232e-07
683.743 6.13937e-07
683.871 6.10168e-07
683.999 5.99709e-07
684.127 5.95766e-07
684.255 5.85415e-07
684.383 5.80924e-07
684.511 5.8726e-07
684.639 6.02707e-07
684.767 6.14519e-07
684.895 6.16269e-07
685.023 6.14574e-07
685.151 6.16137e-07
685.279 6.18674e-07
685.407 6.18692e-07
685.535 6.09351e-07
685.663 5.99293e-07
685.791 5.96355e-07
685.919 6.00386e-07
686.047 6.05363e-07
686.175 6.07907e-07
686.303 6.06159e-07
686.43 6.06938e-07
686.558 6.11833e-07
686.686 6.03916e-07
686.814 4.97337e-07
686.942 3.44364e-07
687.07 2.56355e-07
687.198 2.699e-07
687.325 2.98882e-07
687.453 3.159e-07
687.581 3.39234e-07
687.709 3.69709e-07
687.836 4.00269e-07
687.964 4.32819e-07
688.092 4.74696e-07
688.22 5.2602e-07
688.347 5.64797e-07
688.475 5.48413e-07
688.603 5.17897e-07
688.731 4.7588e-07
688.858 4.73604e-07
688.986 4.56222e-07
689.114 4.63894e-07
689.241 4.68308e-07
689.369 4.6451e-07
689.497 4.68748e-07
689.624 4.80688e-07
689.752 4.71895e-07
689.879 4.73536e-07
690.007 5.06551e-07
690.135 4.96427e-07
690.262 4.90295e-07
690.39 5.23458e-07
690.517 5.17532e-07
690.645 4.94816e-07
690.772 5.23178e-07
690.9 5.49851e-07
691.028 5.2184e-07
691.155 5.2703e-07
691.283 5.70036e-07
691.41 5.53754e-07
691.538 5.22953e-07
691.665 5.36399e-07
691.792 5.70922e-07
691.92 5.53375e-07
692.047 5.46179e-07
692.175 5.71373e-07
692.302 5.96308e-07
692.43 5.68302e-07
692.557 5.4711e-07
692.685 5.57123e-07
692.812 5.88468e-07
692.939 5.75572e-07
693.067 5.50733e-07
693.194 5.45953e-07
693.321 5.71527e-07
693.449 5.66558e-07
693.576 5.6477e-07
693.704 5.74476e-07
693.831 5.82897e-07
693.958 5.77403e-07
694.086 5.46023e-07
694.213 5.35721e-07
694.34 5.37076e-07
694.467 5.55405e-07
694.595 5.70802e-07
694.722 5.82136e-07
694.849 5.69377e-07
694.976 5.57925e-07
695.104 5.67632e-07
695.231 5.7983e-07
695.358 5.86934e-07
695.485 5.86287e-07
695.612 5.83878e-07
695.74 5.67273e-07
695.867 5.72859e-07
695.994 5.78178e-07
696.121 5.82106e-07
696.248 5.70447e-07
696.375 5.89859e-07
696.503 6.03487e-07
696.63 6.06991e-07
696.757 6.08355e-07
696.884 6.20856e-07
697.011 6.26328e-07
697.138 6.18518e-07
697.265 6.11105e-07
697.392 6.12987e-07
697.519 6.207e-07
697.646 6.16303e-07
697.773 5.99379e-07
697.901 5.79738e-07
698.028 5.75224e-07
698.155 5.86655e-07
698.282 6.04473e-07
698.409 6.13445e-07
698.536 6.18845e-07
698.663 6.08796e-07
698.789 5.91393e-07
698.916 5.7618e-07
699.043 5.72247e-07
699.17 5.76558e-07
699.297 5.9518e-07
699.424 5.86538e-07
699.551 5.80367e-07
699.678 5.93246e-07
699.805 6.15669e-07
699.932 5.96426e-07
700.059 5.73948e-07
700.186 5.77598e-07
700.312 6.02478e-07
700.439 6.00026e-07
700.566 5.65538e-07
700.693 5.45562e-07
700.82 5.62327e-07
700.947 5.93222e-07
701.073 6.02732e-07
701.2 5.91524e-07
701.327 5.86439e-07
701.454 5.96618e-07
701.581 6.01696e-07
701.707 5.62366e-07
701.834 5.4507e-07
701.961 5.64843e-07
702.088 6.02162e-07
702.214 6.09971e-07
702.341 5.9673e-07
702.468 5.73648e-07
702.594 5.69496e-07
702.721 5.78085e-07
702.848 5.68382e-07
702.974 5.68935e-07
703.101 5.93897e-07
703.228 6.18062e-07
703.354 6.23506e-07
703.481 6.22603e-07
703.608 6.15561e-07
703.734 6.10163e-07
703.861 5.93392e-07
703.987 5.77389e-07
704.114 5.74983e-07
704.241 5.94339e-07
704.367 6.19041e-07
704.494 6.23394e-07
704.62 6.24366e-07
704.747 6.18932e-07
704.873 6.22525e-07
705 6.22937e-07
705.126 6.1668e-07
705.253 6.06415e-07
705.379 5.88357e-07
705.506 5.98411e-07
705.632 6.08776e-07
705.759 6.11712e-07
705.885 6.09173e-07
706.012 6.10457e-07
706.138 6.08544e-07
706.264 6.09382e-07
706.391 6.09886e-07
706.517 6.16742e-07
706.644 6.10594e-07
706.77 6.11564e-07
706.896 6.05209e-07
707.023 6.09017e-07
707.149 6.16366e-07
707.276 6.22514e-07
707.402 6.21566e-07
707.528 6.22526e-07
707.655 6.27585e-07
707.781 6.25646e-07
707.907 6.18072e-07
708.033 6.14027e-07
708.16 6.16845e-07
708.286 6.27123e-07
708.412 6.2657e-07
708.539 6.12922e-07
708.665 6.08279e-07
708.791 6.10273e-07
708.917 6.1311e-07
709.044 6.11935e-07
709.17 6.10498e-07
709.296 6.14444e-07
709.422 6.19117e-07
709.548 6.21727e-07
709.674 6.19688e-07
709.801 6.19671e-07
709.927 6.22575e-07
710.053 6.2321e-07
710.179 6.24602e-07
710.305 6.24648e-07
710.431 6.2776e-07
710.557 6.29943e-07
710.684 6.28381e-07
710.81 6.2426e-07
710.936 6.22959e-07
711.062 6.2606e-07
711.188 6.20796e-07
711.314 6.15717e-07
711.44 6.17163e-07
711.566 6.24466e-07
711.692 6.263e-07
711.818 6.25888e-07
711.944 6.2306e-07
712.07 6.20247e-07
712.196 6.22172e-07
712.322 6.11295e-07
712.448 6.12629e-07
712.574 6.2167e-07
712.7 6.34751e-07
712.826 6.28135e-07
712.952 6.22018e-07
713.078 6.14118e-07
713.204 6.05906e-07
713.329 6.06881e-07
713.455 6.12571e-07
713.581 6.26287e-07
713.707 6.31874e-07
713.833 6.30936e-07
713.959 6.28902e-07
714.085 6.27287e-07
714.211 6.29949e-07
714.336 6.22078e-07
714.462 6.21583e-07
714.588 6.18222e-07
714.714 6.22795e-07
714.84 5.99961e-07
714.965 5.90288e-07
715.091 5.85388e-07
715.217 5.995e-07
715.343 6.10912e-07
715.468 6.20616e-07
715.594 6.23754e-07
715.72 6.18077e-07
715.846 6.17249e-07
715.971 6.13448e-07
716.097 6.16339e-07
716.223 6.15331e-07
716.348 6.16363e-07
716.474 5.90356e-07
716.6 5.61724e-07
716.725 5.41269e-07
716.851 5.20879e-07
716.977 5.27897e-07
717.102 5.15065e-07
717.228 5.31323e-07
717.353 4.91051e-07
717.479 4.7418e-07
717.605 4.81247e-07
717.73 4.93695e-07
717.856 4.59756e-07
717.981 4.66261e-07
718.107 5.28187e-07
718.232 5.13446e-07
718.358 5.07827e-07
718.483 4.81074e-07
718.609 4.80365e-07
718.734 3.86484e-07
718.86 3.86907e-07
718.985 4.44333e-07
719.111 5.4355e-07
719.236 5.03023e-07
719.362 4.45105e-07
719.487 4.06955e-07
719.613 4.53326e-07
719.738 4.95411e-07
719.863 4.89778e-07
719.989 4.95946e-07
720.114 4.59312e-07
720.24 4.34462e-07
720.365 4.3855e-07
720.49 4.68387e-07
720.616 4.92274e-07
720.741 4.47539e-07
720.866 4.86232e-07
720.992 5.05309e-07
721.117 5.54335e-07
721.242 5.63269e-07
721.367 5.93737e-07
721.493 6.08356e-07
721.618 6.10935e-07
721.743 5.80168e-07
721.869 5.68285e-07
721.994 5.74805e-07
722.119 5.95897e-07
722.244 6.10291e-07
722.369 5.95259e-07
722.495 5.65124e-07
722.62 5.67057e-07
722.745 5.8624e-07
722.87 5.6957e-07
722.995 5.67672e-07
723.121 5.89524e-07
723.246 5.92843e-07
723.371 5.21149e-07
723.496 4.57695e-07
723.621 4.23567e-07
723.746 4.53819e-07
723.871 5.32511e-07
723.996 5.78899e-07
724.121 5.15177e-07
724.247 4.88e-07
724.372 4.85941e-07
724.497 5.09189e-07
724.622 4.84777e-07
724.747 5.06119e-07
724.872 5.34024e-07
724.997 5.56904e-07
725.122 5.56651e-07
725.247 5.3222e-07
725.372 4.53233e-07
725.497 4.30939e-07
725.622 4.88867e-07
725.747 5.69671e-07
725.872 5.50373e-07
725.996 5.40282e-07
726.121 5.44596e-07
726.246 5.39521e-07
726.371 5.22636e-07
726.496 5.11302e-07
726.621 4.73129e-07
726.746 4.83041e-07
726.871 5.43272e-07
726.996 5.96047e-07
727.12 5.74285e-07
727.245 5.72795e-07
727.37 5.38031e-07
727.495 5.35347e-07
727.62 4.99188e-07
727.744 4.7042e-07
727.869 4.15444e-07
727.994 4.54538e-07
728.119 5.28926e-07
728.243 5.69748e-07
728.368 5.58836e-07
728.493 5.70102e-07
728.618 5.89525e-07
728.742 5.98386e-07
728.867 5.44718e-07
728.992 5.06512e-07
729.117 4.60345e-07
729.241 4.5997e-07
729.366 4.51855e-07
729.49 4.98807e-07
729.615 5.14299e-07
729.74 5.56794e-07
729.864 5.88689e-07
729.989 6.01343e-07
730.114 5.69379e-07
730.238 5.5389e-07
730.363 5.24114e-07
730.487 4.85696e-07
730.612 4.92826e-07
730.736 5.49236e-07
730.861 5.90851e-07
730.986 5.5638e-07
731.11 5.14489e-07
731.235 5.07722e-07
731.359 5.2819e-07
731.484 5.66677e-07
731.608 5.74535e-07
731.733 5.75276e-07
731.857 5.33735e-07
731.982 5.16608e-07
732.106 5.3923e-07
732.23 5.85902e-07
732.355 6.14146e-07
732.479 6.1519e-07
732.604 6.10044e-07
732.728 5.84513e-07
732.852 5.76133e-07
732.977 5.86677e-07
733.101 6.04377e-07
733.226 6.04386e-07
733.35 5.89002e-07
733.474 5.78684e-07
733.599 5.74437e-07
733.723 5.97534e-07
733.847 6.21122e-07
733.971 6.40977e-07
734.096 6.40056e-07
734.22 6.34467e-07
734.344 6.34442e-07
734.469 6.16796e-07
734.593 6.01606e-07
734.717 6.05103e-07
734.841 6.22719e-07
734.965 6.14968e-07
735.09 5.91424e-07
735.214 5.90207e-07
735.338 6.07654e-07
735.462 6.14738e-07
735.586 6.15365e-07
735.711 6.01416e-07
735.835 5.99492e-07
735.959 6.07729e-07
736.083 6.1468e-07
736.207 6.05449e-07
736.331 5.94786e-07
736.455 5.91179e-07
736.579 5.99379e-07
736.703 6.03114e-07
736.827 6.1939e-07
736.952 6.10444e-07
737.076 6.03905e-07
737.2 6.04141e-07
737.324 6.21996e-07
737.448 6.25824e-07
737.572 6.28362e-07
737.696 6.2673e-07
737.82 6.25445e-07
737.944 6.2621e-07
738.068 6.32865e-07
738.192 6.36262e-07
738.315 6.24449e-07
738.439 6.05579e-07
738.563 6.04574e-07
738.687 6.05667e-07
738.811 6.05738e-07
738.935 5.97799e-07
739.059 5.91222e-07
739.183 5.92661e-07
739.307 6.06378e-07
739.431 6.12602e-07
739.554 6.22278e-07
739.678 6.16875e-07
739.802 6.21272e-07
739.926 6.23191e-07
740.05 6.2917e-07
740.173 6.24793e-07
740.297 6.19719e-07
740.421 6.32409e-07
740.545 6.4254e-07
740.669 6.28938e-07
740.792 6.27961e-07
740.916 6.23512e-07
741.04 6.14907e-07
741.163 5.9526e-07
741.287 6.02016e-07
741.411 6.22829e-07
741.535 6.29577e-07
741.658 6.10717e-07
741.782 6.07118e-07
741.906 6.19417e-07
742.029 6.356e-07
742.153 6.35543e-07
742.276 6.26814e-07
742.4 6.08068e-07
742.524 6.02257e-07
742.647 6.17264e-07
742.771 6.37515e-07
742.894 6.45749e-07
743.018 6.48915e-07
743.142 6.43736e-07
743.265 6.38783e-07
743.389 6.3894e-07
743.512 6.46461e-07
743.636 6.45496e-07
743.759 6.46327e-07
743.883 6.45726e-07
744.006 6.47933e-07
744.13 6.39903e-07
744.253 6.33913e-07
744.377 6.28031e-07
744.5 6.38272e-07
744.623 6.25519e-07
744.747 6.19705e-07
744.87 6.14909e-07
744.994 6.32765e-07
745.117 6.39682e-07
745.24 6.43675e-07
745.364 6.46449e-07
745.487 6.45597e-07
745.61 6.45613e-07
745.734 6.46703e-07
745.857 6.47704e-07
745.98 6.48956e-07
746.104 6.48573e-07
746.227 6.39657e-07
746.35 6.22978e-07
746.474 6.21235e-07
746.597 6.3448e-07
746.72 6.48026e-07
746.843 6.50233e-07
746.967 6.502e-07
747.09 6.50436e-07
747.213 6.49958e-07
747.336 6.48004e-07
747.46 6.44004e-07
747.583 6.43986e-07
747.706 6.40887e-07
747.829 6.41657e-07
747.952 6.42473e-07
748.075 6.46166e-07
748.198 6.46144e-07
748.322 6.40004e-07
748.445 6.39994e-07
748.568 6.44187e-07
748.691 6.47743e-07
748.814 6.48723e-07
748.937 6.49244e-07
749.06 6.49323e-07
749.183 6.42906e-07
749.306 6.36303e-07
749.429 6.34953e-07
749.552 6.21609e-07
749.675 6.12037e-07
749.798 6.15829e-07
749.921 6.40355e-07
750.044 6.46646e-07
750.167 6.46705e-07
750.29 6.48593e-07
750.413 6.48895e-07
750.536 6.48181e-07
750.659 6.43513e-07
750.782 6.35358e-07
750.905 6.34707e-07
751.028 6.38216e-07
751.151 6.25399e-07
751.274 6.11327e-07
751.397 6.13775e-07
751.519 6.36154e-07
751.642 6.45485e-07
751.765 6.4586e-07
751.888 6.49007e-07
752.011 6.50212e-07
752.134 6.51512e-07
752.256 6.47768e-07
752.379 6.33047e-07
752.502 6.29553e-07
752.625 6.22605e-07
752.748 6.35679e-07
752.87 6.41234e-07
752.993 6.49604e-07
753.116 6.46021e-07
753.239 6.30028e-07
753.361 6.27465e-07
753.484 6.34261e-07
753.607 6.47123e-07
753.729 6.5088e-07
753.852 6.51514e-07
753.975 6.51291e-07
754.097 6.4916e-07
754.22 6.48443e-07
754.343 6.47972e-07
754.465 6.47934e-07
754.588 6.50292e-07
754.71 6.4191e-07
754.833 6.37006e-07
754.956 6.37412e-07
755.078 6.44418e-07
755.201 6.49438e-07
755.323 6.47932e-07
755.446 6.47556e-07
755.568 6.42529e-07
755.691 6.29799e-07
755.813 6.28706e-07
755.936 6.37854e-07
756.058 6.39903e-07
756.181 6.3972e-07
756.303 6.4295e-07
756.426 6.46364e-07
756.548 6.47415e-07
756.671 6.47601e-07
756.793 6.46811e-07
756.916 6.39609e-07
757.038 6.30333e-07
757.16 6.32742e-07
757.283 6.43086e-07
757.405 6.44918e-07
757.528 6.33082e-07
757.65 6.33195e-07
757.772 6.41311e-07
757.895 6.47964e-07
758.017 6.48712e-07
758.139 6.47558e-07
758.262 6.45558e-07
758.384 6.41843e-07
758.506 6.29163e-07
758.628 6.18932e-07
758.751 6.11373e-07
758.873 6.15461e-07
758.995 6.28248e-07
759.117 6.35269e-07
759.24 6.38553e-07
759.362 6.2443e-07
759.484 4.98586e-07
759.606 3.11221e-07
759.728 1.38404e-07
759.851 8.66989e-08
759.973 7.61735e-08
760.095 6.40217e-08
760.217 4.50765e-08
760.339 2.93829e-08
760.461 2.12191e-08
760.583 1.64393e-08
760.706 1.40827e-08
760.828 1.56423e-08
760.95 2.03577e-08
761.072 2.28012e-08
761.194 3.95294e-08
761.316 4.60275e-08
761.438 7.75924e-08
761.56 1.09456e-07
761.682 1.43047e-07
761.804 2.35673e-07
761.926 3.84735e-07
762.048 4.86083e-07
762.17 3.98098e-07
762.292 3.07863e-07
762.414 2.04494e-07
762.536 1.6259e-07
762.658 1.5238e-07
762.78 1.55374e-07
762.902 1.33746e-07
763.024 1.30204e-07
763.146 1.58367e-07
763.267 1.41321e-07
763.389 1.2196e-07
763.511 1.78413e-07
763.633 1.7925e-07
763.755 1.3037e-07
763.877 1.7986e-07
763.999 2.35353e-07
764.12 1.93159e-07
764.242 1.59745e-07
764.364 2.573e-07
764.486 2.94628e-07
764.608 2.11944e-07
764.729 2.07919e-07
764.851 3.31473e-07
764.973 3.5884e-07
765.095 2.53879e-07
765.216 2.52938e-07
765.338 3.8873e-07
765.46 4.33926e-07
765.581 3.24014e-07
765.703 2.96913e-07
765.825 4.02165e-07
765.946 4.9086e-07
766.068 3.97558e-07
766.19 3.34612e-07
766.311 4.03011e-07
766.433 5.30411e-07
766.555 5.0939e-07
766.676 4.14188e-07
766.798 4.18968e-07
766.919 5.26848e-07
767.041 5.98386e-07
767.162 5.35119e-07
767.284 4.74839e-07
767.406 5.04824e-07
767.527 5.89595e-07
767.649 6.29313e-07
767.77 5.73029e-07
767.892 5.31928e-07
768.013 5.50047e-07
768.135 5.97823e-07
768.256 6.22817e-07
768.377 5.91686e-07
768.499 5.70748e-07
768.62 5.80021e-07
768.742 6.22184e-07
768.863 6.4337e-07
768.985 6.1822e-07
769.106 5.89533e-07
769.227 5.71652e-07
769.349 5.93161e-07
769.47 6.19989e-07
769.591 6.34109e-07
769.713 6.1922e-07
769.834 6.10875e-07
769.955 5.99099e-07
770.077 6.09139e-07
770.198 6.18318e-07
770.319 6.39544e-07
770.441 6.3492e-07
770.562 6.34269e-07
770.683 6.41318e-07
770.804 6.50047e-07
770.926 6.51908e-07
771.047 6.44586e-07
771.168 6.28344e-07
771.289 6.19794e-07
771.41 6.26429e-07
771.531 6.19257e-07
771.653 6.14834e-07
771.774 6.19213e-07
771.895 6.35229e-07
772.016 6.4133e-07
772.137 6.41339e-07
772.258 6.41278e-07
772.379 6.36406e-07
772.501 6.34538e-07
772.622 6.35824e-07
772.743 6.42478e-07
772.864 6.30688e-07
772.985 6.31709e-07
773.106 6.35517e-07
773.227 6.47718e-07
773.348 6.45351e-07
773.469 6.43145e-07
773.59 6.43763e-07
773.711 6.46552e-07
773.832 6.49531e-07
773.953 6.51424e-07
774.074 6.50991e-07
774.195 6.5081e-07
774.316 6.38812e-07
774.436 6.28509e-07
774.557 6.27115e-07
774.678 6.37607e-07
774.799 6.41176e-07
774.92 6.20482e-07
775.041 6.10008e-07
775.162 6.11193e-07
775.283 6.33034e-07
775.403 6.42182e-07
775.524 6.48514e-07
775.645 6.4907e-07
775.766 6.47405e-07
775.887 6.49287e-07
776.007 6.47691e-07
776.128 6.43535e-07
776.249 6.41372e-07
776.37 6.4518e-07
776.49 6.49316e-07
776.611 6.48834e-07
776.732 6.50311e-07
776.852 6.50981e-07
776.973 6.50162e-07
777.094 6.50543e-07
777.214 6.46463e-07
777.335 6.36229e-07
777.456 6.30739e-07
777.576 6.25655e-07
777.697 6.277e-07
777.817 6.35617e-07
777.938 6.45787e-07
778.059 6.43835e-07
778.179 6.2397e-07
778.3 6.23195e-07
778.42 6.3145e-07
778.541 6.49554e-07
778.661 6.49984e-07
778.782 6.501e-07
778.902 6.45409e-07
779.023 6.32622e-07
779.143 6.31948e-07
779.264 6.39497e-07
779.384 6.48975e-07
779.505 6.48385e-07
779.625 6.49748e-07
779.745 6.48716e-07
779.866 6.3468e-07
779.986 6.29659e-07
780.106 6.23338e-07
780.227 6.32224e-07
780.347 6.35589e-07
780.467 6.45266e-07
780.588 6.4772e-07
780.708 6.49022e-07
780.828 6.43084e-07
780.949 6.3582e-07
781.069 6.3548e-07
781.189 6.32437e-07
781.309 6.32511e-07
781.43 6.36297e-07
781.55 6.45116e-07
781.67 6.48907e-07
781.79 6.49153e-07
781.91 6.49489e-07
782.031 6.49795e-07
782.151 6.48561e-07
782.271 6.48616e-07
782.391 6.48354e-07
782.511 6.49068e-07
782.631 6.49636e-07
782.751 6.46271e-07
782.872 6.43908e-07
782.992 6.43344e-07
783.112 6.44473e-07
783.232 6.3584e-07
783.352 6.13497e-07
783.472 6.11709e-07
783.592 6.15926e-07
783.712 6.1947e-07
783.832 6.17088e-07
783.952 6.25493e-07
784.072 6.36356e-07
784.192 6.35411e-07
784.311 6.32856e-07
784.431 6.32834e-07
784.551 6.30453e-07
784.671 6.2921e-07
784.791 6.29044e-07
784.911 6.30165e-07
785.031 6.24947e-07
785.151 6.17436e-07
2300.49 8.23512e-08
2300.58 8.03436e-08
2300.66 7.04544e-08
2300.74 6.16418e-08
2300.83 6.58234e-08
2300.91 7.30072e-08
2300.99 8.22142e-08
2301.08 8.85171e-08
2301.16 9.34526e-08
2301.25 9.9527e-08
2301.33 1.06311e-07
2301.41 1.09514e-07
2301.5 1.07053e-07
2301.58 1.05544e-07
2301.66 1.06308e-07
2301.75 1.03678e-07
2301.83 1.02971e-07
2301.91 1.05344e-07
2302 1.10717e-07
2302.08 1.01994e-07
2302.17 8.69233e-08
2302.25 8.18161e-08
2302.33 9.15047e-08
2302.42 1.02536e-07
2302.5 1.04579e-07
2302.59 9.55197e-08
2302.67 8.35988e-08
2302.75 7.70595e-08
2302.84 8.31246e-08
2302.92 9.59561e-08
2303.01 1.03996e-07
2303.09 1.03688e-07
2303.17 1.04231e-07
2303.26 1.02991e-07
2303.34 9.76286e-08
2303.43 8.89792e-08
2303.51 7.47493e-08
2303.59 6.21073e-08
2303.68 6.17753e-08
2303.76 6.45839e-08
2303.85 6.38142e-08
2303.93 6.71479e-08
2304.01 8.20436e-08
2304.1 9.70531e-08
2304.18 1.02658e-07
2304.27 9.88467e-08
2304.35 8.16529e-08
2304.44 5.88942e-08
2304.52 5.52728e-08
2304.61 6.89644e-08
2304.69 8.25104e-08
2304.77 8.91512e-08
2304.86 8.74706e-08
2304.94 8.15159e-08
2305.03 8.52264e-08
2305.11 9.96963e-08
2305.2 1.11522e-07
2305.28 1.12431e-07
2305.37 1.02258e-07
2305.45 8.20523e-08
2305.54 7.24181e-08
2305.62 8.1875e-08
2305.7 9.78382e-08
2305.79 1.03592e-07
2305.87 1.05231e-07
2305.96 1.00547e-07
2306.04 9.04835e-08
2306.13 8.99646e-08
2306.21 9.95438e-08
2306.3 1.03851e-07
2306.38 1.03523e-07
2306.47 9.83143e-08
2306.55 8.56821e-08
2306.64 8.14858e-08
2306.72 9.05414e-08
2306.81 1.02453e-07
2306.89 1.03049e-07
2306.98 1.01631e-07
2307.06 1.03984e-07
2307.15 1.08506e-07
2307.23 1.1323e-07
2307.32 1.10581e-07
2307.4 9.66414e-08
2307.49 6.88762e-08
2307.57 4.89814e-08
2307.66 5.30338e-08
2307.74 7.91824e-08
2307.83 9.93021e-08
2307.91 1.07701e-07
2308 1.03916e-07
2308.08 1.00243e-07
2308.17 1.03317e-07
2308.25 1.07413e-07
2308.34 1.06308e-07
2308.42 1.05737e-07
2308.51 1.10165e-07
2308.59 1.155e-07
2308.68 1.13805e-07
2308.77 1.09068e-07
2308.85 1.04404e-07
2308.94 9.92171e-08
2309.02 9.81473e-08
2309.11 1.02443e-07
2309.19 1.10408e-07
2309.28 1.10427e-07
2309.36 9.94259e-08
2309.45 9.07922e-08
2309.53 9.41283e-08
2309.62 1.01913e-07
2309.71 1.02631e-07
2309.79 1.0598e-07
2309.88 1.09474e-07
2309.96 1.03099e-07
2310.05 9.68668e-08
2310.13 1.00436e-07
2310.22 1.10749e-07
2310.31 1.14032e-07
2310.39 1.15721e-07
2310.48 1.18209e-07
2310.56 1.20104e-07
2310.65 1.19732e-07
2310.73 1.19428e-07
2310.82 1.1875e-07
2310.91 1.19474e-07
2310.99 1.20072e-07
2311.08 1.20054e-07
2311.16 1.19886e-07
2311.25 1.18232e-07
2311.34 1.17696e-07
2311.42 1.18912e-07
2311.51 1.18577e-07
2311.59 1.14694e-07
2311.68 1.1175e-07
2311.77 1.12947e-07
2311.85 1.15747e-07
2311.94 1.15425e-07
2312.02 1.12836e-07
2312.11 1.01133e-07
2312.2 8.76068e-08
2312.28 9.18165e-08
2312.37 1.06797e-07
2312.46 1.15364e-07
2312.54 1.17467e-07
2312.63 1.1959e-07
2312.71 1.20161e-07
2312.8 1.20565e-07
2312.89 1.19783e-07
2312.97 1.19603e-07
2313.06 1.18377e-07
2313.15 1.19241e-07
2313.23 1.19636e-07
2313.32 1.20062e-07
2313.4 1.20138e-07
2313.49 1.1975e-07
2313.58 1.17939e-07
2313.66 1.17205e-07
2313.75 1.17148e-07
2313.84 1.1745e-07
2313.92 1.19631e-07
2314.01 1.19652e-07
2314.1 1.18653e-07
2314.18 1.18996e-07
2314.27 1.19548e-07
2314.36 1.19605e-07
2314.44 1.19563e-07
2314.53 1.19875e-07
2314.62 1.18652e-07
2314.7 1.16591e-07
2314.79 1.12754e-07
2314.88 1.1213e-07
2314.96 1.06941e-07
2315.05 1.03076e-07
2315.14 1.0486e-07
2315.22 1.10984e-07
2315.31 1.15289e-07
2315.4 1.15593e-07
2315.48 1.14843e-07
2315.57 1.16024e-07
2315.66 1.1234e-07
2315.75 1.03557e-07
2315.83 9.17125e-08
2315.92 8.14681e-08
2316.01 7.19658e-08
2316.09 6.24664e-08
2316.18 5.73725e-08
2316.27 5.88657e-08
2316.35 6.3845e-08
2316.44 6.45482e-08
2316.53 5.67706e-08
2316.62 4.38419e-08
2316.7 3.66395e-08
2316.79 3.24262e-08
2316.88 2.83411e-08
2316.96 2.17702e-08
2317.05 2.11254e-08
2317.14 2.03444e-08
2317.23 2.28007e-08
2317.31 2.82209e-08
2317.4 4.43118e-08
2317.49 5.96892e-08
2317.57 6.43224e-08
2317.66 5.09997e-08
2317.75 3.77067e-08
2317.84 3.29776e-08
2317.92 3.50124e-08
2318.01 4.01228e-08
2318.1 4.67825e-08
2318.19 5.04829e-08
2318.27 5.23755e-08
2318.36 5.82854e-08
2318.45 5.89392e-08
2318.54 5.13316e-08
2318.62 4.66557e-08
2318.71 5.34667e-08
2318.8 6.45447e-08
2318.89 8.02432e-08
2318.97 8.6301e-08
2319.06 8.40873e-08
2319.15 7.5198e-08
2319.24 7.39671e-08
2319.32 8.02264e-08
2319.41 8.71869e-08
2319.5 8.04071e-08
2319.59 6.72229e-08
2319.68 6.80834e-08
2319.76 7.89196e-08
2319.85 7.8964e-08
2319.94 7.42711e-08
2320.03 8.0811e-08
2320.11 9.10152e-08
2320.2 9.0629e-08
2320.29 8.43404e-08
2320.38 8.22876e-08
2320.47 8.91355e-08
2320.55 9.55769e-08
2320.64 8.88788e-08
2320.73 7.80533e-08
2320.82 7.17665e-08
2320.91 7.57445e-08
2320.99 8.40545e-08
2321.08 9.12192e-08
2321.17 9.3634e-08
2321.26 1.00588e-07
2321.35 1.0333e-07
2321.43 9.39641e-08
2321.52 8.51164e-08
2321.61 8.91834e-08
2321.7 9.42423e-08
2321.79 8.19259e-08
2321.88 5.68503e-08
2321.96 3.60844e-08
2322.05 4.03508e-08
2322.14 6.38368e-08
2322.23 8.71223e-08
2322.32 1.00806e-07
2322.41 1.00409e-07
2322.49 8.52579e-08
2322.58 6.15414e-08
2322.67 4.54412e-08
2322.76 5.19044e-08
2322.85 7.01809e-08
2322.94 8.1103e-08
2323.02 8.0809e-08
2323.11 6.8696e-08
2323.2 5.19774e-08
2323.29 4.68977e-08
2323.38 6.56014e-08
2323.47 8.91095e-08
2323.55 1.00264e-07
2323.64 9.93316e-08
2323.73 9.28478e-08
2323.82 8.05636e-08
2323.91 7.18376e-08
2324 7.77055e-08
2324.09 9.12372e-08
2324.18 9.97967e-08
2324.26 1.03408e-07
2324.35 1.04792e-07
2324.44 1.04307e-07
2324.53 1.04268e-07
2324.62 1.06299e-07
2324.71 1.08974e-07
2324.8 1.06197e-07
2324.89 1.02244e-07
2324.97 1.01916e-07
2325.06 1.02004e-07
2325.15 1.00536e-07
2325.24 9.47976e-08
2325.33 7.97644e-08
2325.42 6.86011e-08
2325.51 6.83951e-08
2325.6 7.39672e-08
2325.69 7.47478e-08
2325.77 8.58053e-08
2325.86 9.95126e-08
2325.95 1.09845e-07
2326.04 1.11033e-07
2326.13 1.08961e-07
2326.22 1.05161e-07
2326.31 9.79054e-08
2326.4 8.38265e-08
2326.49 7.80754e-08
2326.58 8.38089e-08
2326.66 9.43071e-08
2326.75 9.81885e-08
2326.84 9.72902e-08
2326.93 9.8606e-08
2327.02 1.04724e-07
2327.11 1.08771e-07
2327.2 1.10292e-07
2327.29 1.10433e-07
2327.38 1.09258e-07
2327.47 1.07162e-07
2327.56 1.0569e-07
2327.65 1.02779e-07
2327.74 1.01562e-07
2327.83 1.00927e-07
2327.91 1.03256e-07
2328 1.05331e-07
2328.09 1.06635e-07
2328.18 1.06918e-07
2328.27 1.04941e-07
2328.36 9.67355e-08
2328.45 6.93404e-08
2328.54 3.97296e-08
2328.63 3.91741e-08
2328.72 6.70966e-08
2328.81 9.15849e-08
2328.9 9.8036e-08
2328.99 9.4446e-08
2329.08 8.65455e-08
2329.17 8.84397e-08
2329.26 8.85552e-08
2329.35 8.22095e-08
2329.44 8.37488e-08
2329.53 9.11238e-08
2329.62 9.26689e-08
2329.71 9.6872e-08
2329.8 1.0633e-07
2329.89 1.10972e-07
2329.98 1.12017e-07
2330.06 1.11743e-07
2330.15 1.05599e-07
2330.24 1.0216e-07
2330.33 1.04498e-07
2330.42 1.08744e-07
2330.51 1.06118e-07
2330.6 9.89761e-08
2330.69 9.77333e-08
2330.78 9.58758e-08
2330.87 8.24608e-08
2330.96 7.95611e-08
2331.05 8.65487e-08
2331.14 8.74181e-08
2331.23 8.49959e-08
2331.32 9.37315e-08
2331.41 1.02279e-07
2331.5 9.99334e-08
2331.59 8.07329e-08
2331.68 5.8919e-08
2331.77 5.06529e-08
2331.86 6.16375e-08
2331.95 7.57327e-08
2332.04 8.69404e-08
2332.13 8.81337e-08
2332.22 7.88609e-08
2332.32 7.85901e-08
2332.41 8.98446e-08
2332.5 9.86433e-08
2332.59 9.72907e-08
2332.68 9.37873e-08
2332.77 8.94638e-08
2332.86 8.52441e-08
2332.95 8.8181e-08
2333.04 9.98353e-08
2333.13 1.07261e-07
2333.22 1.08483e-07
2333.31 1.07994e-07
2333.4 1.06794e-07
2333.49 1.04029e-07
2333.58 9.83992e-08
2333.67 9.50553e-08
2333.76 9.38259e-08
2333.85 9.39294e-08
2333.94 7.9906e-08
2334.03 6.97057e-08
2334.12 7.77492e-08
2334.21 9.45095e-08
2334.3 9.88038e-08
2334.39 9.30321e-08
2334.49 8.59394e-08
2334.58 8.78435e-08
2334.67 9.42461e-08
2334.76 9.01351e-08
2334.85 7.28243e-08
2334.94 6.26782e-08
2335.03 6.37308e-08
2335.12 6.66115e-08
2335.21 7.07978e-08
2335.3 8.24352e-08
2335.39 9.25013e-08
2335.48 9.22308e-08
2335.57 9.16807e-08
2335.66 9.7794e-08
2335.76 1.02409e-07
2335.85 9.71616e-08
2335.94 8.20881e-08
2336.03 6.61618e-08
2336.12 5.95185e-08
2336.21 6.5918e-08
2336.3 7.92708e-08
2336.39 9.26338e-08
2336.48 1.00028e-07
2336.57 9.80578e-08
2336.66 9.40728e-08
2336.76 9.28753e-08
2336.85 8.96333e-08
2336.94 9.00911e-08
2337.03 9.66557e-08
2337.12 1.03776e-07
2337.21 1.03628e-07
2337.3 1.01905e-07
2337.39 9.5161e-08
2337.48 9.40899e-08
2337.58 9.76177e-08
2337.67 1.0069e-07
2337.76 9.92961e-08
2337.85 9.69803e-08
2337.94 9.34466e-08
2338.03 9.21126e-08
2338.12 8.06616e-08
2338.21 5.95106e-08
2338.3 4.76289e-08
2338.4 5.58474e-08
2338.49 6.79104e-08
2338.58 6.39741e-08
2338.67 5.86999e-08
2338.76 5.7752e-08
2338.85 5.25762e-08
2338.94 5.34502e-08
2339.04 6.59777e-08
2339.13 7.793e-08
2339.22 8.66417e-08
2339.31 9.51231e-08
2339.4 9.33976e-08
2339.49 8.09274e-08
2339.58 6.96958e-08
2339.68 7.03714e-08
2339.77 7.06366e-08
2339.86 5.98101e-08
2339.95 3.97472e-08
2340.04 3.09241e-08
2340.13 3.33922e-08
2340.23 4.33574e-08
2340.32 4.1007e-08
2340.41 3.50245e-08
2340.5 5.0331e-08
2340.59 7.54683e-08
2340.68 8.34504e-08
2340.78 7.86944e-08
2340.87 7.22281e-08
2340.96 6.60088e-08
2341.05 5.22632e-08
2341.14 3.94622e-08
2341.23 4.22551e-08
2341.33 4.90986e-08
2341.42 4.97824e-08
2341.51 5.24621e-08
2341.6 6.41437e-08
2341.69 7.51155e-08
2341.79 8.37492e-08
2341.88 8.37972e-08
2341.97 6.32307e-08
2342.06 3.72906e-08
2342.15 4.27541e-08
2342.24 7.36257e-08
2342.34 9.23457e-08
2342.43 8.73826e-08
2342.52 7.48273e-08
2342.61 7.84954e-08
2342.7 9.07335e-08
2342.8 8.93252e-08
2342.89 8.65587e-08
2342.98 8.69786e-08
2343.07 8.95893e-08
2343.17 8.94518e-08
2343.26 7.777e-08
2343.35 6.97552e-08
2343.44 6.81785e-08
2343.53 7.02968e-08
2343.63 7.31103e-08
2343.72 6.86577e-08
2343.81 5.47007e-08
2343.9 6.15868e-08
2343.99 8.37009e-08
2344.09 9.92924e-08
2344.18 1.01893e-07
2344.27 1.02316e-07
2344.36 9.65074e-08
2344.46 8.60248e-08
2344.55 7.95999e-08
2344.64 7.86164e-08
2344.73 6.70646e-08
2344.83 5.41958e-08
2344.92 4.62625e-08
2345.01 4.04466e-08
2345.1 4.2519e-08
2345.2 5.7358e-08
2345.29 7.01489e-08
2345.38 6.46237e-08
2345.47 5.85039e-08
2345.57 6.54716e-08
2345.66 7.43339e-08
2345.75 7.25779e-08
2345.84 6.89548e-08
2345.94 6.55413e-08
2346.03 7.47772e-08
2346.12 8.83133e-08
2346.21 9.90502e-08
2346.31 9.74183e-08
2346.4 8.57389e-08
2346.49 6.86492e-08
2346.58 6.8158e-08
2346.68 6.93238e-08
2346.77 5.19986e-08
2346.86 4.69198e-08
2346.95 6.55326e-08
2347.05 8.46266e-08
2347.14 8.65282e-08
2347.23 8.58403e-08
2347.33 8.36099e-08
2347.42 7.28901e-08
2347.51 5.34017e-08
2347.6 4.16741e-08
2347.7 4.83481e-08
2347.79 6.15101e-08
2347.88 7.03337e-08
2347.98 6.33199e-08
2348.07 4.54879e-08
2348.16 3.06683e-08
2348.25 4.07215e-08
2348.35 5.87684e-08
2348.44 5.68312e-08
2348.53 4.9421e-08
2348.63 6.46623e-08
2348.72 8.15154e-08
2348.81 8.6185e-08
2348.91 9.06952e-08
2349 9.27251e-08
2349.09 8.43795e-08
2349.18 7.63807e-08
2349.28 6.29164e-08
2349.37 5.72926e-08
2349.46 6.83592e-08
2349.56 8.21687e-08
2349.65 7.47892e-08
2349.74 4.71718e-08
2349.84 3.60857e-08
2349.93 4.97682e-08
2350.02 7.06847e-08
2350.12 8.29537e-08
2350.21 8.16369e-08
2350.3 6.47386e-08
2350.4 3.76418e-08
2350.49 2.70644e-08
2350.58 4.28565e-08
2350.68 5.81297e-08
2350.77 5.28028e-08
2350.86 3.52744e-08
2350.96 2.07565e-08
2351.05 3.08857e-08
2351.14 6.12438e-08
2351.24 8.47855e-08
2351.33 8.9855e-08
2351.42 8.53884e-08
2351.52 6.73572e-08
2351.61 3.64345e-08
2351.7 2.09545e-08
2351.8 3.52866e-08
2351.89 5.18229e-08
2351.98 4.87076e-08
2352.08 4.3144e-08
2352.17 4.75195e-08
2352.26 4.77093e-08
2352.36 3.07748e-08
2352.45 1.30867e-08
2352.55 7.26853e-09
2352.64 1.93712e-08
2352.73 4.32601e-08
2352.83 6.60512e-08
2352.92 7.84771e-08
2353.01 8.43914e-08
2353.11 8.25597e-08
2353.2 6.70267e-08
2353.29 4.94725e-08
2353.39 3.93805e-08
2353.48 4.34474e-08
2353.58 3.93604e-08
2353.67 4.61074e-08
2353.76 6.56666e-08
2353.86 8.67854e-08
2353.95 9.43126e-08
2354.05 9.29819e-08
2354.14 9.3093e-08
2354.23 9.32791e-08
2354.33 9.34618e-08
2354.42 8.67709e-08
2354.51 8.25677e-08
2354.61 7.69868e-08
2354.7 7.62113e-08
2354.8 7.46879e-08
2354.89 6.92689e-08
2354.98 7.11515e-08
2355.08 8.29193e-08
2355.17 8.47829e-08
2355.27 8.07083e-08
2355.36 8.32632e-08
2355.45 9.15285e-08
2355.55 9.23358e-08
2355.64 8.8385e-08
2355.74 6.57386e-08
2355.83 3.72357e-08
2355.93 2.1195e-08
2356.02 2.32143e-08
2356.11 3.24044e-08
2356.21 3.92185e-08
2356.3 5.13404e-08
2356.4 7.32787e-08
2356.49 8.9191e-08
2356.58 9.67885e-08
2356.68 9.75114e-08
2356.77 8.59265e-08
2356.87 6.42267e-08
2356.96 5.96001e-08
2357.06 7.45837e-08
2357.15 8.387e-08
2357.24 6.85405e-08
2357.34 6.08493e-08
2357.43 7.39895e-08
2357.53 9.1048e-08
2357.62 9.48662e-08
2357.72 9.58429e-08
2357.81 9.62093e-08
2357.91 8.61145e-08
2358 7.17041e-08
2358.09 6.89667e-08
2358.19 7.66415e-08
2358.28 6.69013e-08
2358.38 4.0941e-08
2358.47 2.2518e-08
2358.57 2.17958e-08
2358.66 2.47064e-08
2358.76 2.09093e-08
2358.85 1.32802e-08
2358.95 2.35984e-08
2359.04 5.20594e-08
2359.13 8.00775e-08
2359.23 9.29667e-08
2359.32 9.84031e-08
2359.42 1.01498e-07
2359.51 1.02994e-07
2359.61 1.04738e-07
2359.7 1.04334e-07
2359.8 1.03559e-07
2359.89 1.01124e-07
2359.99 9.97947e-08
2360.08 9.94755e-08
2360.18 9.92464e-08
2360.27 9.85863e-08
2360.37 9.99788e-08
2360.46 1.02287e-07
2360.56 1.0342e-07
2360.65 1.01487e-07
2360.74 9.81769e-08
2360.84 9.73125e-08
2360.93 9.91895e-08
2361.03 1.00229e-07
2361.12 1.0268e-07
2361.22 1.02689e-07
2361.31 1.01147e-07
2361.41 9.72962e-08
2361.5 8.10496e-08
2361.6 4.85169e-08
2361.69 3.48689e-08
2361.79 5.35053e-08
2361.88 7.374e-08
2361.98 8.22248e-08
2362.07 9.22519e-08
2362.17 1.00997e-07
2362.26 1.03288e-07
2362.36 1.00969e-07
2362.45 9.89306e-08
2362.55 9.8393e-08
2362.64 9.69345e-08
2362.74 9.71299e-08
2362.84 1.01197e-07
2362.93 1.04399e-07
2363.03 1.03504e-07
2363.12 9.93036e-08
2363.22 9.43299e-08
2363.31 8.41744e-08
2363.41 7.58016e-08
2363.5 8.05433e-08
2363.6 9.09196e-08
2363.69 9.25584e-08
2363.79 8.12821e-08
2363.88 5.21698e-08
2363.98 2.44043e-08
2364.07 2.77953e-08
2364.17 5.49072e-08
2364.26 7.86357e-08
2364.36 8.43244e-08
2364.45 7.08132e-08
2364.55 5.77595e-08
2364.65 6.82872e-08
2364.74 8.92768e-08
2364.84 9.17281e-08
2364.93 9.23189e-08
2365.03 9.80864e-08
2365.12 9.6301e-08
2365.22 9.31065e-08
2365.31 9.69107e-08
2365.41 9.95364e-08
2365.51 9.67495e-08
2365.6 9.73195e-08
2365.7 1.02639e-07
2365.79 1.04871e-07
2365.89 1.03698e-07
2365.98 1.02935e-07
2366.08 9.75602e-08
2366.17 7.41654e-08
2366.27 5.35639e-08
2366.37 6.29294e-08
2366.46 8.51494e-08
2366.56 9.2564e-08
2366.65 9.51594e-08
2366.75 9.77605e-08
2366.84 9.80647e-08
2366.94 9.42782e-08
2367.04 8.55954e-08
2367.13 6.25055e-08
2367.23 3.33679e-08
2367.32 2.76592e-08
2367.42 3.65499e-08
2367.51 3.3551e-08
2367.61 2.8557e-08
2367.71 3.31581e-08
2367.8 4.24503e-08
2367.9 6.52813e-08
2367.99 8.45492e-08
2368.09 8.98913e-08
2368.19 9.21376e-08
2368.28 9.20914e-08
2368.38 8.62e-08
2368.47 7.27988e-08
2368.57 6.84471e-08
2368.67 6.85505e-08
2368.76 6.39831e-08
2368.86 4.92799e-08
2368.95 2.8395e-08
2369.05 2.87016e-08
2369.15 5.04333e-08
2369.24 6.72999e-08
2369.34 7.31442e-08
2369.43 8.51972e-08
2369.53 9.20182e-08
2369.63 9.21729e-08
2369.72 8.50835e-08
2369.82 7.17823e-08
2369.91 6.48807e-08
2370.01 5.79745e-08
2370.11 3.87437e-08
2370.2 2.6892e-08
2370.3 2.31994e-08
2370.4 1.38724e-08
2370.49 6.05487e-09
2370.59 4.43921e-09
2370.68 3.5019e-09
2370.78 6.27748e-09
2370.88 1.61781e-08
2370.97 2.33872e-08
2371.07 2.1108e-08
2371.17 1.44863e-08
2371.26 1.10072e-08
2371.36 6.02985e-09
2371.45 4.88915e-09
2371.55 6.59369e-09
2371.65 8.52237e-09
2371.74 1.27043e-08
2371.84 2.18261e-08
2371.94 3.53166e-08
2372.03 4.7424e-08
2372.13 4.53686e-08
2372.23 4.19517e-08
2372.32 5.19352e-08
2372.42 4.96524e-08
2372.52 4.43297e-08
2372.61 4.67011e-08
2372.71 4.49817e-08
2372.81 3.4558e-08
2372.9 3.26609e-08
2373 4.36735e-08
2373.1 6.16608e-08
2373.19 7.64471e-08
2373.29 8.15628e-08
2373.39 8.74708e-08
2373.48 8.65909e-08
2373.58 6.58712e-08
2373.68 5.35328e-08
2373.77 5.37952e-08
2373.87 6.21817e-08
2373.97 7.36332e-08
2374.06 8.61578e-08
2374.16 9.39991e-08
2374.26 9.5165e-08
2374.35 9.10507e-08
2374.45 8.45073e-08
2374.55 7.65586e-08
2374.64 7.64314e-08
2374.74 7.43444e-08
2374.84 7.10218e-08
2374.93 6.42618e-08
2375.03 7.08509e-08
2375.13 8.43895e-08
2375.22 8.43783e-08
2375.32 6.85394e-08
2375.42 6.56297e-08
2375.51 8.09846e-08
2375.61 9.16194e-08
2375.71 9.34296e-08
2375.8 9.39078e-08
2375.9 9.11402e-08
2376 8.3495e-08
2376.1 6.99316e-08
2376.19 5.93533e-08
2376.29 5.17004e-08
2376.39 3.67205e-08
2376.48 2.89159e-08
2376.58 2.69338e-08
2376.68 1.72303e-08
2376.78 1.65814e-08
2376.87 2.40214e-08
2376.97 3.61011e-08
2377.07 5.49363e-08
2377.16 6.07819e-08
2377.26 5.7311e-08
2377.36 5.47963e-08
2377.46 5.54257e-08
2377.55 5.68958e-08
2377.65 6.42744e-08
2377.75 7.50128e-08
2377.84 7.29053e-08
2377.94 5.82535e-08
2378.04 3.50232e-08
2378.14 1.42416e-08
2378.23 4.4547e-09
2378.33 6.88879e-09
2378.43 2.23303e-08
2378.53 4.61344e-08
2378.62 6.67738e-08
2378.72 7.71723e-08
2378.82 8.07424e-08
2378.91 8.2687e-08
2379.01 8.09716e-08
2379.11 8.05519e-08
2379.21 8.56559e-08
2379.3 8.95003e-08
2379.4 8.57994e-08
2379.5 7.6376e-08
2379.6 5.86797e-08
2379.69 4.35933e-08
2379.79 4.7888e-08
2379.89 5.37887e-08
2379.99 5.75411e-08
2380.08 6.20476e-08
2380.18 5.73598e-08
2380.28 6.15107e-08
2380.38 6.64195e-08
2380.47 4.83769e-08
2380.57 4.79864e-08
2380.67 6.45779e-08
2380.77 5.81807e-08
2380.86 4.44817e-08
2380.96 5.56482e-08
2381.06 7.86453e-08
2381.16 9.04693e-08
2381.26 9.26371e-08
2381.35 8.94567e-08
2381.45 8.93014e-08
2381.55 9.11838e-08
2381.65 9.10736e-08
2381.74 9.09992e-08
2381.84 9.37928e-08
2381.94 9.52353e-08
2382.04 9.51386e-08
2382.13 8.83357e-08
2382.23 8.13928e-08
2382.33 8.10382e-08
2382.43 8.15996e-08
2382.53 6.78707e-08
2382.62 5.72349e-08
2382.72 6.7312e-08
2382.82 7.91169e-08
2382.92 6.59821e-08
2383.02 4.37e-08
2383.11 3.60904e-08
2383.21 3.2288e-08
2383.31 1.57518e-08
2383.41 6.63752e-09
2383.51 1.63301e-08
2383.6 3.72596e-08
2383.7 5.03762e-08
2383.8 4.5181e-08
2383.9 2.69394e-08
2384 9.28388e-09
2384.09 3.64374e-09
2384.19 1.148e-08
2384.29 2.6083e-08
2384.39 3.00789e-08
2384.49 2.67766e-08
2384.58 3.38384e-08
2384.68 5.02622e-08
2384.78 6.28831e-08
2384.88 7.30118e-08
2384.98 7.99494e-08
2385.07 8.05805e-08
2385.17 8.07201e-08
2385.27 8.14971e-08
2385.37 7.74932e-08
2385.47 7.17165e-08
2385.57 7.11444e-08
2385.66 7.16474e-08
2385.76 6.20296e-08
2385.86 3.9443e-08
2385.96 1.5783e-08
2386.06 7.95716e-09
2386.16 1.84705e-08
2386.25 3.32666e-08
2386.35 3.58077e-08
2386.45 3.88682e-08
2386.55 4.62999e-08
2386.65 4.33242e-08
2386.75 3.72294e-08
2386.84 5.04689e-08
2386.94 7.42811e-08
2387.04 8.36461e-08
2387.14 8.37438e-08
2387.24 8.4124e-08
2387.34 7.48887e-08
2387.43 6.0812e-08
2387.53 4.95116e-08
2387.63 5.21934e-08
2387.73 6.10163e-08
2387.83 6.77226e-08
2387.93 5.50254e-08
2388.03 3.16896e-08
2388.12 1.10401e-08
2388.22 5.92491e-09
2388.32 1.92748e-08
2388.42 4.29405e-08
