2342.7 9.07335e-08
2342.8 8.93252e-08
2342.89 8.65587e-08
2342.98 8.69786e-08
2343.07 8.95893e-08
2343.17 8.94518e-08
2343.26 7.777e-08
2343.35 6.97552e-08
2343.44 6.81785e-08
2343.53 7.02968e-08
2343.63 7.31103e-08
2343.72 6.86577e-08
2343.81 5.47007e-08
2343.9 6.15868e-08
2343.99 8.37009e-08
2344.09 9.92924e-08
2344.18 1.01893e-07
2344.27 1.02316e-07
2344.36 9.65074e-08
2344.46 8.60248e-08
2344.55 7.95999e-08
2344.64 7.86164e-08
2344.73 6.70646e-08
2344.83 5.41958e-08
2344.92 4.62625e-08
2345.01 4.04466e-08
2345.1 4.2519e-08
2345.2 5.7358e-08
2345.29 7.01489e-08
2345.38 6.46237e-08
2345.47 5.85039e-08
2345.57 6.54716e-08
2345.66 7.43339e-08
2345.75 7.25779e-08
2345.84 6.89548e-08
2345.94 6.55413e-08
2346.03 7.47772e-08
2346.12 8.83133e-08
2346.21 9.90502e-08
2346.31 9.74183e-08
2346.4 8.57389e-08
2346.49 6.86492e-08
2346.58 6.8158e-08
2346.68 6.93238e-08
2346.77 5.19986e-08
2346.86 4.69198e-08
2346.95 6.55326e-08
2347.05 8.46266e-08
2347.14 8.65282e-08
2347.23 8.58403e-08
2347.33 8.36099e-08
2347.42 7.28901e-08
2347.51 5.34017e-08
2347.6 4.16741e-08
2347.7 4.83481e-08
2347.79 6.15101e-08
2347.88 7.03337e-08
2347.98 6.33199e-08
2348.07 4.54879e-08
2348.16 3.06683e-08
2348.25 4.07215e-08
2348.35 5.87684e-08
2348.44 5.68312e-08
2348.53 4.9421e-08
2348.63 6.46623e-08
2348.72 8.15154e-08
2348.81 8.6185e-08
2348.91 9.06952e-08
2349 9.27251e-08
2349.09 8.43795e-08
2349.18 7.63807e-08
2349.28 6.29164e-08
2349.37 5.72926e-08
2349.46 6.83592e-08
2349.56 8.21687e-08
2349.65 7.47892e-08
2349.74 4.71718e-08
2349.84 3.60857e-08
2349.93 4.97682e-08
2350.02 7.06847e-08
2350.12 8.29537e-08
2350.21 8.16369e-08
2350.3 6.47386e-08
2350.4 3.76418e-08
2350.49 2.70644e-08
2350.58 4.28565e-08
2350.68 5.81297e-08
2350.77 5.28028e-08
2350.86 3.52744e-08
2350.96 2.07565e-08
2351.05 3.08857e-08
2351.14 6.12438e-08
2351.24 8.47855e-08
2351.33 8.9855e-08
2351.42 8.53884e-08
2351.52 6.73572e-08
2351.61 3.64345e-08
2351.7 2.09545e-08
2351.8 3.52866e-08
2351.89 5.18229e-08
2351.98 4.87076e-08
2352.08 4.3144e-08
2352.17 4.75195e-08
2352.26 4.77093e-08
2352.36 3.07748e-08
2352.45 1.30867e-08
2352.55 7.26853e-09
2352.64 1.93712e-08
2352.73 4.32601e-08
2352.83 6.60512e-08
2352.92 7.84771e-08
2353.01 8.43914e-08
2353.11 8.25597e-08
2353.2 6.70267e-08
2353.29 4.94725e-08
2353.39 3.93805e-08
2353.48 4.34474e-08
2353.58 3.93604e-08
2353.67 4.61074e-08
2353.76 6.56666e-08
2353.86 8.67854e-08
2353.95 9.43126e-08
2354.05 9.29819e-08
2354.14 9.3093e-08
2354.23 9.32791e-08
2354.33 9.34618e-08
2354.42 8.67709e-08
2354.51 8.25677e-08
2354.61 7.69868e-08
2354.7 7.62113e-08
2354.8 7.46879e-08
2354.89 6.92689e-08
2354.98 7.11515e-08
2355.08 8.29193e-08
2355.17 8.47829e-08
2355.27 8.07083e-08
2355.36 8.32632e-08
2355.45 9.15285e-08
2355.55 9.23358e-08
2355.64 8.8385e-08
2355.74 6.57386e-08
2355.83 3.72357e-08
2355.93 2.1195e-08
2356.02 2.32143e-08
2356.11 3.24044e-08
2356.21 3.92185e-08
2356.3 5.13404e-08
2356.4 7.32787e-08
2356.49 8.9191e-08
2356.58 9.67885e-08
2356.68 9.75114e-08
2356.77 8.59265e-08
2356.87 6.42267e-08
2356.96 5.96001e-08
2357.06 7.45837e-08
2357.15 8.387e-08
2357.24 6.85405e-08
2357.34 6.08493e-08
2357.43 7.39895e-08
2357.53 9.1048e-08
2357.62 9.48662e-08
2357.72 9.58429e-08
2357.81 9.62093e-08
2357.91 8.61145e-08
2358 7.17041e-08
2358.09 6.89667e-08
2358.19 7.66415e-08
2358.28 6.69013e-08
2358.38 4.0941e-08
2358.47 2.2518e-08
2358.57 2.17958e-08
2358.66 2.47064e-08
2358.76 2.09093e-08
2358.85 1.32802e-08
2358.95 2.35984e-08
2359.04 5.20594e-08
2359.13 8.00775e-08
2359.23 9.29667e-08
2359.32 9.84031e-08
2359.42 1.01498e-07
2359.51 1.02994e-07
2359.61 1.04738e-07
2359.7 1.04334e-07
2359.8 1.03559e-07
2359.89 1.01124e-07
2359.99 9.97947e-08
2360.08 9.94755e-08
2360.18 9.92464e-08
2360.27 9.85863e-08
2360.37 9.99788e-08
2360.46 1.02287e-07
2360.56 1.0342e-07
2360.65 1.01487e-07
2360.74 9.81769e-08
2360.84 9.73125e-08
2360.93 9.91895e-08
2361.03 1.00229e-07
2361.12 1.0268e-07
2361.22 1.02689e-07
2361.31 1.01147e-07
2361.41 9.72962e-08
2361.5 8.10496e-08
2361.6 4.85169e-08
2361.69 3.48689e-08
2361.79 5.35053e-08
2361.88 7.374e-08
2361.98 8.22248e-08
2362.07 9.22519e-08
2362.17 1.00997e-07
2362.26 1.03288e-07
2362.36 1.00969e-07
2362.45 9.89306e-08
2362.55 9.8393e-08
2362.64 9.69345e-08
2362.74 9.71299e-08
2362.84 1.01197e-07
2362.93 1.04399e-07
2363.03 1.03504e-07
2363.12 9.93036e-08
2363.22 9.43299e-08
2363.31 8.41744e-08
2363.41 7.58016e-08
2363.5 8.05433e-08
2363.6 9.09196e-08
2363.69 9.25584e-08
2363.79 8.12821e-08
2363.88 5.21698e-08
2363.98 2.44043e-08
2364.07 2.77953e-08
2364.17 5.49072e-08
2364.26 7.86357e-08
2364.36 8.43244e-08
2364.45 7.08132e-08
2364.55 5.77595e-08
2364.65 6.82872e-08
2364.74 8.92768e-08
2364.84 9.17281e-08
2364.93 9.23189e-08
2365.03 9.80864e-08
2365.12 9.6301e-08
2365.22 9.31065e-08
2365.31 9.69107e-08
2365.41 9.95364e-08
2365.51 9.67495e-08
2365.6 9.73195e-08
2365.7 1.02639e-07
2365.79 1.04871e-07
2365.89 1.03698e-07
2365.98 1.02935e-07
2366.08 9.75602e-08
2366.17 7.41654e-08
2366.27 5.35639e-08
2366.37 6.29294e-08
2366.46 8.51494e-08
2366.56 9.2564e-08
2366.65 9.51594e-08
2366.75 9.77605e-08
2366.84 9.80647e-08
2366.94 9.42782e-08
2367.04 8.55954e-08
2367.13 6.25055e-08
2367.23 3.33679e-08
2367.32 2.76592e-08
2367.42 3.65499e-08
2367.51 3.3551e-08
2367.61 2.8557e-08
2367.71 3.31581e-08
2367.8 4.24503e-08
2367.9 6.52813e-08
2367.99 8.45492e-08
2368.09 8.98913e-08
2368.19 9.21376e-08
2368.28 9.20914e-08
2368.38 8.62e-08
2368.47 7.27988e-08
2368.57 6.84471e-08
2368.67 6.85505e-08
2368.76 6.39831e-08
2368.86 4.92799e-08
2368.95 2.8395e-08
2369.05 2.87016e-08
2369.15 5.04333e-08
2369.24 6.72999e-08
2369.34 7.31442e-08
2369.43 8.51972e-08
2369.53 9.20182e-08
2369.63 9.21729e-08
2369.72 8.50835e-08
2369.82 7.17823e-08
2369.91 6.48807e-08
2370.01 5.79745e-08
2370.11 3.87437e-08
2370.2 2.6892e-08
2370.3 2.31994e-08
2370.4 1.38724e-08
2370.49 6.05487e-09
2370.59 4.43921e-09
2370.68 3.5019e-09
2370.78 6.27748e-09
2370.88 1.61781e-08
2370.97 2.33872e-08
2371.07 2.1108e-08
2371.17 1.44863e-08
2371.26 1.10072e-08
2371.36 6.02985e-09
2371.45 4.88915e-09
2371.55 6.59369e-09
2371.65 8.52237e-09
2371.74 1.27043e-08
2371.84 2.18261e-08
2371.94 3.53166e-08
2372.03 4.7424e-08
2372.13 4.53686e-08
2372.23 4.19517e-08
2372.32 5.19352e-08
2372.42 4.96524e-08
2372.52 4.43297e-08
2372.61 4.67011e-08
2372.71 4.49817e-08
2372.81 3.4558e-08
2372.9 3.26609e-08
2373 4.36735e-08
2373.1 6.16608e-08
2373.19 7.64471e-08
2373.29 8.15628e-08
2373.39 8.74708e-08
2373.48 8.65909e-08
2373.58 6.58712e-08
2373.68 5.35328e-08
2373.77 5.37952e-08
2373.87 6.21817e-08
2373.97 7.36332e-08
2374.06 8.61578e-08
2374.16 9.39991e-08
2374.26 9.5165e-08
2374.35 9.10507e-08
2374.45 8.45073e-08
2374.55 7.65586e-08
2374.64 7.64314e-08
2374.74 7.43444e-08
2374.84 7.10218e-08
2374.93 6.42618e-08
2375.03 7.08509e-08
2375.13 8.43895e-08
2375.22 8.43783e-08
2375.32 6.85394e-08
2375.42 6.56297e-08
2375.51 8.09846e-08
2375.61 9.16194e-08
2375.71 9.34296e-08
2375.8 9.39078e-08
2375.9 9.11402e-08
2376 8.3495e-08
2376.1 6.99316e-08
2376.19 5.93533e-08
2376.29 5.17004e-08
2376.39 3.67205e-08
2376.48 2.89159e-08
2376.58 2.69338e-08
2376.68 1.72303e-08
2376.78 1.65814e-08
2376.87 2.40214e-08
2376.97 3.61011e-08
2377.07 5.49363e-08
2377.16 6.07819e-08
2377.26 5.7311e-08
2377.36 5.47963e-08
2377.46 5.54257e-08
2377.55 5.68958e-08
2377.65 6.42744e-08
2377.75 7.50128e-08
2377.84 7.29053e-08
2377.94 5.82535e-08
2378.04 3.50232e-08
2378.14 1.42416e-08
2378.23 4.4547e-09
2378.33 6.88879e-09
2378.43 2.23303e-08
2378.53 4.61344e-08
2378.62 6.67738e-08
2378.72 7.71723e-08
2378.82 8.07424e-08
2378.91 8.2687e-08
2379.01 8.09716e-08
2379.11 8.05519e-08
2379.21 8.56559e-08
2379.3 8.95003e-08
2379.4 8.57994e-08
2379.5 7.6376e-08
2379.6 5.86797e-08
2379.69 4.35933e-08
2379.79 4.7888e-08
2379.89 5.37887e-08
2379.99 5.75411e-08
2380.08 6.20476e-08
2380.18 5.73598e-08
2380.28 6.15107e-08
2380.38 6.64195e-08
2380.47 4.83769e-08
2380.57 4.79864e-08
2380.67 6.45779e-08
2380.77 5.81807e-08
2380.86 4.44817e-08
2380.96 5.56482e-08
2381.06 7.86453e-08
2381.16 9.04693e-08
2381.26 9.26371e-08
2381.35 8.94567e-08
2381.45 8.93014e-08
2381.55 9.11838e-08
2381.65 9.10736e-08
2381.74 9.09992e-08
2381.84 9.37928e-08
2381.94 9.52353e-08
2382.04 9.51386e-08
2382.13 8.83357e-08
2382.23 8.13928e-08
2382.33 8.10382e-08
2382.43 8.15996e-08
2382.53 6.78707e-08
2382.62 5.72349e-08
2382.72 6.7312e-08
2382.82 7.91169e-08
2382.92 6.59821e-08
2383.02 4.37e-08
2383.11 3.60904e-08
2383.21 3.2288e-08
2383.31 1.57518e-08
2383.41 6.63752e-09
2383.51 1.63301e-08
2383.6 3.72596e-08
2383.7 5.03762e-08
2383.8 4.5181e-08
2383.9 2.69394e-08
2384 9.28388e-09
2384.09 3.64374e-09
2384.19 1.148e-08
2384.29 2.6083e-08
2384.39 3.00789e-08
2384.49 2.67766e-08
2384.58 3.38384e-08
2384.68 5.02622e-08
2384.78 6.28831e-08
2384.88 7.30118e-08
2384.98 7.99494e-08
2385.07 8.05805e-08
2385.17 8.07201e-08
2385.27 8.14971e-08
2385.37 7.74932e-08
2385.47 7.17165e-08
2385.57 7.11444e-08
2385.66 7.16474e-08
2385.76 6.20296e-08
2385.86 3.9443e-08
2385.96 1.5783e-08
2386.06 7.95716e-09
2386.16 1.84705e-08
2386.25 3.32666e-08
2386.35 3.58077e-08
2386.45 3.88682e-08
2386.55 4.62999e-08
2386.65 4.33242e-08
2386.75 3.72294e-08
2386.84 5.04689e-08
2386.94 7.42811e-08
2387.04 8.36461e-08
2387.14 8.37438e-08
2387.24 8.4124e-08
2387.34 7.48887e-08
2387.43 6.0812e-08
2387.53 4.95116e-08
2387.63 5.21934e-08
2387.73 6.10163e-08
2387.83 6.77226e-08
2387.93 5.50254e-08
2388.03 3.16896e-08
2388.12 1.10401e-08
2388.22 5.92491e-09
2388.32 1.92748e-08
2388.42 4.29405e-08
