2342.69 8.50183e-08
2342.78 8.61587e-08
2342.87 8.23528e-08
2342.96 8.20782e-08
2343.06 8.57669e-08
2343.15 8.69666e-08
2343.24 7.6798e-08
2343.33 6.68678e-08
2343.42 6.3528e-08
2343.52 6.63402e-08
2343.61 6.83075e-08
2343.7 6.81937e-08
2343.79 5.36202e-08
2343.89 5.4582e-08
2343.98 7.48699e-08
2344.07 9.29705e-08
2344.16 9.81029e-08
2344.25 9.89429e-08
2344.35 9.40774e-08
2344.44 8.39716e-08
2344.53 7.51989e-08
2344.62 7.3743e-08
2344.72 6.40658e-08
2344.81 5.15739e-08
2344.9 3.97729e-08
2344.99 3.1456e-08
2345.09 2.68536e-08
2345.18 4.03849e-08
2345.27 6.0391e-08
2345.36 6.06155e-08
2345.46 5.3504e-08
2345.55 5.84339e-08
2345.64 6.57021e-08
2345.73 6.75786e-08
2345.83 6.52459e-08
2345.92 6.07853e-08
2346.01 6.83508e-08
2346.1 8.02374e-08
2346.2 9.27142e-08
2346.29 9.34166e-08
2346.38 8.38798e-08
2346.47 6.52012e-08
2346.57 6.27657e-08
2346.66 6.71931e-08
2346.75 5.34361e-08
2346.84 4.2338e-08
2346.94 5.71096e-08
2347.03 7.7327e-08
2347.12 7.85615e-08
2347.22 7.36545e-08
2347.31 7.31577e-08
2347.4 6.95976e-08
2347.49 5.33569e-08
2347.59 3.6317e-08
2347.68 3.63608e-08
2347.77 4.92357e-08
2347.87 6.24601e-08
2347.96 6.14864e-08
2348.05 4.70337e-08
2348.14 2.91196e-08
2348.24 3.47608e-08
2348.33 5.49973e-08
2348.42 5.67229e-08
2348.52 4.687e-08
2348.61 5.54731e-08
2348.7 7.55989e-08
2348.79 8.00999e-08
2348.89 8.49464e-08
2348.98 8.98775e-08
2349.07 8.18988e-08
2349.17 7.44013e-08
2349.26 6.27353e-08
2349.35 5.41678e-08
2349.45 5.88993e-08
2349.54 7.30764e-08
2349.63 6.74554e-08
2349.73 4.06582e-08
2349.82 2.31526e-08
2349.91 3.31744e-08
2350.01 5.71787e-08
2350.1 7.39928e-08
2350.19 7.76894e-08
2350.29 6.53796e-08
2350.38 4.02959e-08
2350.47 2.44393e-08
2350.57 3.52988e-08
2350.66 4.87755e-08
2350.75 4.38771e-08
2350.85 3.0055e-08
2350.94 1.87576e-08
2351.03 2.30452e-08
2351.13 4.94348e-08
2351.22 7.35526e-08
2351.31 8.10019e-08
2351.41 7.47531e-08
2351.5 5.63175e-08
2351.59 2.86848e-08
2351.69 1.09282e-08
2351.78 1.88158e-08
2351.87 3.47957e-08
2351.97 3.83448e-08
2352.06 3.00585e-08
2352.15 3.10542e-08
2352.25 3.26191e-08
2352.34 2.19982e-08
2352.43 8.48603e-09
2352.53 2.65051e-09
2352.62 7.03691e-09
2352.72 2.29835e-08
2352.81 4.48728e-08
2352.9 6.12905e-08
2353 6.65918e-08
2353.09 7.58542e-08
2353.18 6.58968e-08
2353.28 4.84608e-08
2353.37 3.73162e-08
2353.47 4.07007e-08
2353.56 3.81236e-08
2353.65 4.21e-08
2353.75 5.75281e-08
2353.84 8.08252e-08
2353.93 8.77574e-08
2354.03 8.69284e-08
2354.12 8.58673e-08
2354.22 8.71541e-08
2354.31 8.80585e-08
2354.4 8.29296e-08
2354.5 7.85258e-08
2354.59 7.25413e-08
2354.69 7.00731e-08
2354.78 6.93188e-08
2354.87 6.43013e-08
2354.97 6.45722e-08
2355.06 7.59643e-08
2355.16 8.15285e-08
2355.25 7.60016e-08
2355.34 7.84493e-08
2355.44 8.64214e-08
2355.53 8.82208e-08
2355.63 8.65226e-08
2355.72 6.93311e-08
2355.81 4.11898e-08
2355.91 2.25946e-08
2356 2.07836e-08
2356.1 2.92975e-08
2356.19 3.5328e-08
2356.28 4.4734e-08
2356.38 6.448e-08
2356.47 8.17162e-08
2356.57 8.94017e-08
2356.66 9.09116e-08
2356.76 7.90955e-08
2356.85 5.23837e-08
2356.94 3.9762e-08
2357.04 5.44462e-08
2357.13 7.42371e-08
2357.23 6.70379e-08
2357.32 5.54646e-08
2357.42 6.31031e-08
2357.51 8.10342e-08
2357.6 8.61196e-08
2357.7 8.80813e-08
2357.79 9.01656e-08
2357.89 8.4518e-08
2357.98 6.88444e-08
2358.08 6.1794e-08
2358.17 6.99144e-08
2358.27 6.52725e-08
2358.36 4.1534e-08
2358.45 1.83838e-08
2358.55 1.1349e-08
2358.64 1.47578e-08
2358.74 1.59959e-08
2358.83 1.1861e-08
2358.93 1.74838e-08
2359.02 4.37368e-08
2359.12 7.26962e-08
2359.21 8.67475e-08
2359.31 9.30792e-08
2359.4 9.64913e-08
2359.5 9.761e-08
2359.59 9.87415e-08
2359.68 9.96407e-08
2359.78 9.95169e-08
2359.87 9.68835e-08
2359.97 9.49068e-08
2360.06 9.32753e-08
2360.16 9.23491e-08
2360.25 9.04419e-08
2360.35 9.12266e-08
2360.44 9.50209e-08
2360.54 9.77006e-08
2360.63 9.62269e-08
2360.73 9.26206e-08
2360.82 9.14107e-08
2360.92 9.1736e-08
2361.01 9.26981e-08
2361.11 9.62192e-08
2361.2 9.71031e-08
2361.3 9.63045e-08
2361.39 9.42049e-08
2361.49 8.13768e-08
2361.58 5.2716e-08
2361.68 3.22891e-08
2361.77 4.30978e-08
2361.87 6.61661e-08
2361.96 7.54898e-08
2362.06 8.47786e-08
2362.15 9.62389e-08
2362.25 9.88854e-08
2362.34 9.63567e-08
2362.44 9.21139e-08
2362.53 9.13269e-08
2362.63 9.05547e-08
2362.72 8.97014e-08
2362.82 9.2933e-08
2362.91 9.71515e-08
2363.01 9.77254e-08
2363.1 9.27492e-08
2363.2 8.68067e-08
2363.29 7.37593e-08
2363.39 5.89198e-08
2363.48 6.17608e-08
2363.58 7.61e-08
2363.67 8.20531e-08
2363.77 7.28213e-08
2363.86 4.62727e-08
2363.96 1.78405e-08
2364.06 1.33555e-08
2364.15 3.47827e-08
2364.25 6.08555e-08
2364.34 7.3654e-08
2364.44 6.80319e-08
2364.53 5.32973e-08
2364.63 5.86077e-08
2364.72 8.01246e-08
2364.82 8.47506e-08
2364.91 8.50311e-08
2365.01 9.10343e-08
2365.11 9.19646e-08
2365.2 8.76572e-08
2365.3 9.0176e-08
2365.39 9.42936e-08
2365.49 9.23143e-08
2365.58 9.1779e-08
2365.68 9.66915e-08
2365.77 9.93527e-08
2365.87 9.96168e-08
2365.97 9.87555e-08
2366.06 9.54257e-08
2366.16 7.79006e-08
2366.25 5.27649e-08
2366.35 5.46462e-08
2366.44 7.75746e-08
2366.54 8.72368e-08
2366.63 8.9008e-08
2366.73 9.18412e-08
2366.83 9.12216e-08
2366.92 8.72049e-08
2367.02 7.70577e-08
2367.11 5.48421e-08
2367.21 2.59741e-08
2367.3 1.57025e-08
2367.4 2.56494e-08
2367.5 2.77914e-08
2367.59 2.49106e-08
2367.69 2.90848e-08
2367.78 3.60419e-08
2367.88 5.56015e-08
2367.98 7.55319e-08
2368.07 8.15907e-08
2368.17 8.36181e-08
2368.26 8.54943e-08
2368.36 7.93174e-08
2368.46 6.22303e-08
2368.55 5.3601e-08
2368.65 5.58055e-08
2368.74 5.32218e-08
2368.84 3.89885e-08
2368.94 2.008e-08
2369.03 1.48976e-08
2369.13 3.39778e-08
2369.22 5.25221e-08
2369.32 6.25439e-08
2369.42 7.41617e-08
2369.51 8.26881e-08
2369.61 8.42049e-08
2369.7 7.89161e-08
2369.8 6.67643e-08
2369.9 6.00562e-08
2369.99 5.61178e-08
2370.09 4.0279e-08
2370.19 2.55674e-08
2370.28 2.19921e-08
2370.38 1.51945e-08
2370.47 5.63412e-09
2370.57 3.60153e-09
2370.67 2.30032e-09
2370.76 3.51092e-09
2370.86 1.06672e-08
2370.96 1.94863e-08
2371.05 1.88413e-08
2371.15 1.17826e-08
2371.24 7.33194e-09
2371.34 3.31292e-09
2371.44 2.11811e-09
2371.53 3.0092e-09
2371.63 4.42311e-09
2371.73 7.92766e-09
2371.82 1.55317e-08
2371.92 2.71386e-08
2372.02 4.1955e-08
2372.11 4.28708e-08
2372.21 3.87757e-08
2372.3 4.67545e-08
2372.4 4.86155e-08
2372.5 4.3282e-08
2372.59 4.21363e-08
2372.69 4.46836e-08
2372.79 3.28751e-08
2372.88 2.64126e-08
2372.98 3.13292e-08
2373.08 4.67206e-08
2373.17 6.55693e-08
2373.27 7.43395e-08
2373.37 8.08492e-08
2373.46 8.46269e-08
2373.56 6.68882e-08
2373.66 5.13555e-08
2373.75 4.90435e-08
2373.85 5.62998e-08
2373.95 6.34655e-08
2374.04 7.58354e-08
2374.14 8.5979e-08
2374.24 9.02282e-08
2374.33 8.68347e-08
2374.43 8.13777e-08
2374.53 7.25735e-08
2374.62 7.1338e-08
2374.72 7.11792e-08
2374.82 6.88157e-08
2374.91 6.06069e-08
2375.01 6.55858e-08
2375.11 7.7753e-08
2375.21 8.26571e-08
2375.3 6.65641e-08
2375.4 5.99032e-08
2375.5 7.29133e-08
2375.59 8.51963e-08
2375.69 8.73731e-08
2375.79 8.76829e-08
2375.88 8.51512e-08
2375.98 7.86165e-08
2376.08 6.58546e-08
2376.18 5.25447e-08
2376.27 4.20555e-08
2376.37 2.68867e-08
2376.47 1.60193e-08
2376.56 1.51531e-08
2376.66 1.06967e-08
2376.76 1.03335e-08
2376.85 1.8003e-08
2376.95 2.84353e-08
2377.05 4.62143e-08
2377.15 5.50877e-08
2377.24 5.10505e-08
2377.34 4.2304e-08
2377.44 4.26867e-08
2377.53 4.46693e-08
2377.63 5.27577e-08
2377.73 6.1894e-08
2377.83 6.04209e-08
2377.92 4.61594e-08
2378.02 2.53056e-08
2378.12 8.97301e-09
2378.22 2.3906e-09
2378.31 2.39104e-09
2378.41 9.29076e-09
2378.51 2.60717e-08
2378.6 4.65607e-08
2378.7 6.09416e-08
2378.8 6.69253e-08
2378.9 6.97655e-08
2378.99 7.02759e-08
2379.09 7.07994e-08
2379.19 7.45053e-08
2379.29 7.95676e-08
2379.38 7.63848e-08
2379.48 6.58475e-08
2379.58 4.79139e-08
2379.68 2.92233e-08
2379.77 3.22694e-08
2379.87 4.25924e-08
2379.97 5.07225e-08
2380.07 5.66595e-08
2380.16 5.25413e-08
2380.26 5.28436e-08
2380.36 5.98602e-08
2380.46 4.46896e-08
2380.55 3.83929e-08
2380.65 5.19849e-08
2380.75 4.69272e-08
2380.85 2.79655e-08
2380.94 3.39612e-08
2381.04 6.00665e-08
2381.14 7.85234e-08
2381.24 8.52297e-08
2381.33 8.32829e-08
2381.43 8.26132e-08
2381.53 8.4844e-08
2381.63 8.48235e-08
2381.73 8.5246e-08
2381.82 8.75143e-08
2381.92 8.85668e-08
2382.02 8.89447e-08
2382.12 8.19567e-08
2382.21 7.01909e-08
2382.31 6.77137e-08
2382.41 7.01412e-08
2382.51 5.6606e-08
2382.61 3.90106e-08
2382.7 4.67692e-08
2382.8 6.55832e-08
2382.9 6.24287e-08
2383 4.09856e-08
2383.1 2.98153e-08
2383.19 2.62943e-08
2383.29 1.35125e-08
2383.39 3.76968e-09
2383.49 6.90729e-09
2383.59 1.97295e-08
2383.68 3.16891e-08
2383.78 3.05122e-08
2383.88 1.81741e-08
2383.98 6.08232e-09
2384.08 1.67757e-09
2384.17 3.77847e-09
2384.27 1.07539e-08
2384.37 1.46945e-08
2384.47 1.34845e-08
2384.57 1.9397e-08
2384.66 3.63697e-08
2384.76 4.99567e-08
2384.86 6.0992e-08
2384.96 6.97994e-08
2385.06 7.16424e-08
2385.15 7.15478e-08
2385.25 7.27141e-08
2385.35 6.83624e-08
2385.45 5.91113e-08
2385.55 5.6145e-08
2385.65 5.75892e-08
2385.74 4.94021e-08
2385.84 2.95743e-08
2385.94 1.09804e-08
2386.04 3.48932e-09
2386.14 7.86696e-09
2386.24 1.93414e-08
2386.33 2.57079e-08
2386.43 3.04391e-08
2386.53 3.63201e-08
2386.63 3.81199e-08
2386.73 3.15399e-08
2386.83 4.05784e-08
2386.92 6.36436e-08
2387.02 7.53785e-08
2387.12 7.58076e-08
2387.22 7.62362e-08
2387.32 7.19332e-08
2387.42 5.70913e-08
2387.51 4.56966e-08
2387.61 4.43985e-08
2387.71 4.8787e-08
2387.81 5.40528e-08
2387.91 4.17867e-08
2388.01 2.19741e-08
2388.11 7.21333e-09
2388.2 2.73335e-09
2388.3 7.53558e-09
2388.4 2.23579e-08
