398.75 2.72026e-07
398.944 2.83055e-07
399.139 2.92059e-07
399.333 2.95546e-07
399.527 2.90634e-07
399.722 2.81496e-07
399.916 2.87921e-07
400.111 3.00917e-07
400.305 3.06241e-07
400.5 2.84502e-07
400.695 2.76422e-07
400.889 2.89492e-07
401.084 3.05935e-07
401.278 3.10907e-07
401.473 3.13275e-07
401.668 3.07972e-07
401.862 3.08626e-07
402.057 3.1263e-07
402.251 3.1448e-07
402.446 3.11143e-07
402.641 3.16398e-07
402.835 3.19229e-07
403.03 3.00224e-07
403.225 2.74459e-07
403.42 2.70016e-07
403.614 2.94438e-07
403.809 3.18455e-07
404.004 3.22554e-07
404.199 3.18122e-07
404.394 2.87932e-07
404.588 2.55443e-07
404.783 2.64987e-07
404.978 3.02446e-07
405.173 3.14705e-07
405.368 3.0181e-07
405.563 2.89572e-07
405.758 2.8088e-07
405.953 2.8636e-07
406.147 2.8666e-07
406.342 2.67618e-07
406.537 2.60998e-07
406.732 2.79092e-07
406.927 2.95738e-07
407.122 2.86946e-07
407.317 2.85351e-07
407.512 2.86748e-07
407.707 2.7443e-07
407.902 2.74138e-07
408.098 2.98886e-07
408.293 3.08379e-07
408.488 3.01213e-07
408.683 3.09525e-07
408.878 3.25075e-07
409.073 3.28129e-07
409.268 3.20824e-07
409.463 3.0919e-07
409.659 2.94605e-07
409.854 2.79035e-07
410.049 2.5087e-07
410.244 2.34285e-07
410.439 2.52872e-07
410.635 2.84781e-07
410.83 2.99776e-07
411.025 3.02315e-07
411.22 3.07901e-07
411.416 3.19715e-07
411.611 3.298e-07
411.806 3.23239e-07
412.002 3.15012e-07
412.197 3.13813e-07
412.392 3.17422e-07
412.588 3.15849e-07
412.783 3.09463e-07
412.979 3.06293e-07
413.174 2.94197e-07
413.37 2.8586e-07
413.565 2.99228e-07
413.76 3.22288e-07
413.956 3.34435e-07
414.151 3.20334e-07
414.347 2.94619e-07
414.542 2.92458e-07
414.738 3.08884e-07
414.934 3.14887e-07
415.129 3.1148e-07
415.325 3.03557e-07
415.52 2.95998e-07
415.716 2.95877e-07
415.911 3.067e-07
416.107 3.20061e-07
416.303 3.3101e-07
416.498 3.31339e-07
416.694 3.19412e-07
416.89 3.12891e-07
417.086 3.0435e-07
417.281 2.88409e-07
417.477 2.83839e-07
417.673 2.89379e-07
417.868 2.98144e-07
418.064 3.01571e-07
418.26 2.97508e-07
418.456 2.99384e-07
418.652 2.92173e-07
418.847 2.89291e-07
419.043 2.97163e-07
419.239 3.13972e-07
419.435 3.15751e-07
419.631 2.9951e-07
419.827 2.80513e-07
420.023 2.73982e-07
420.219 2.78799e-07
420.415 2.93477e-07
420.611 3.11165e-07
420.807 3.22066e-07
421.003 3.21735e-07
421.199 3.25564e-07
421.395 3.20757e-07
421.591 3.06882e-07
421.787 3.04167e-07
421.983 3.17922e-07
422.179 3.24301e-07
422.375 3.02731e-07
422.571 2.55327e-07
422.767 2.42669e-07
422.963 2.80097e-07
423.159 3.11573e-07
423.355 3.11867e-07
423.552 2.93637e-07
423.748 2.83964e-07
423.944 2.89628e-07
424.14 3.00715e-07
424.336 3.10538e-07
424.533 3.16055e-07
424.729 3.03827e-07
424.925 2.82972e-07
425.121 2.83324e-07
425.318 2.92665e-07
425.514 2.9656e-07
425.71 3.01614e-07
425.907 2.88555e-07
426.103 2.74178e-07
426.299 2.90246e-07
426.496 3.15665e-07
426.692 3.18577e-07
426.889 2.99703e-07
427.085 2.66491e-07
427.281 2.47174e-07
427.478 2.55577e-07
427.674 2.85256e-07
427.871 3.00697e-07
428.067 2.96136e-07
428.264 2.93051e-07
428.46 2.898e-07
428.657 2.82279e-07
428.853 2.67834e-07
429.05 2.59259e-07
429.247 2.68683e-07
429.443 2.78729e-07
429.64 2.68857e-07
429.836 2.37097e-07
430.033 2.10079e-07
430.23 2.03208e-07
430.426 2.08322e-07
430.623 2.07795e-07
430.82 1.95649e-07
431.016 1.90731e-07
431.213 2.11204e-07
431.41 2.51865e-07
431.607 3.029e-07
431.803 3.38548e-07
432 3.44969e-07
432.197 3.22103e-07
432.394 2.75049e-07
432.591 2.48002e-07
432.787 2.74693e-07
432.984 3.11738e-07
433.181 3.28852e-07
433.378 3.31526e-07
433.575 3.22082e-07
433.772 2.87733e-07
433.969 2.43488e-07
434.166 2.35221e-07
434.363 2.642e-07
434.559 2.96026e-07
434.756 3.18831e-07
434.953 3.23278e-07
435.15 3.04046e-07
435.347 2.92538e-07
435.544 3.03966e-07
435.742 3.16641e-07
435.939 3.20691e-07
436.136 3.27778e-07
436.333 3.37945e-07
436.53 3.43649e-07
436.727 3.35924e-07
436.924 3.2612e-07
437.121 3.21665e-07
437.318 3.1222e-07
437.516 3.00647e-07
437.713 3.06525e-07
437.91 3.20575e-07
438.107 3.12821e-07
438.304 2.70004e-07
438.502 2.49242e-07
438.699 2.71842e-07
438.896 2.95375e-07
439.094 3.0263e-07
439.291 3.07451e-07
439.488 3.11548e-07
439.685 3.22745e-07
439.883 3.25054e-07
440.08 3.19358e-07
440.278 3.06145e-07
440.475 2.92217e-07
440.672 2.92539e-07
440.87 3.08142e-07
441.067 3.32671e-07
441.265 3.46828e-07
441.462 3.33311e-07
441.66 3.20384e-07
441.857 3.34555e-07
442.055 3.51308e-07
442.252 3.46809e-07
442.45 3.38312e-07
442.647 3.39403e-07
442.845 3.44033e-07
443.042 3.44528e-07
443.24 3.38868e-07
443.438 3.26171e-07
443.635 3.2738e-07
443.833 3.44993e-07
444.03 3.5172e-07
444.228 3.37524e-07
444.426 3.3679e-07
444.623 3.4738e-07
444.821 3.55168e-07
445.019 3.54826e-07
445.217 3.49563e-07
445.414 3.31222e-07
445.612 3.13344e-07
445.81 3.09256e-07
446.008 3.11717e-07
446.206 3.17601e-07
446.403 3.30401e-07
446.601 3.41218e-07
446.799 3.42112e-07
446.997 3.39415e-07
447.195 3.47954e-07
447.393 3.61143e-07
447.591 3.69805e-07
447.789 3.7113e-07
447.986 3.54274e-07
448.184 3.36941e-07
448.382 3.42761e-07
448.58 3.63949e-07
448.778 3.65537e-07
448.976 3.51879e-07
449.174 3.51097e-07
449.372 3.53046e-07
449.57 3.52141e-07
449.769 3.58412e-07
449.967 3.64099e-07
450.165 3.68196e-07
450.363 3.7656e-07
450.561 3.85929e-07
450.759 3.86852e-07
450.957 3.85237e-07
451.155 3.82486e-07
451.354 3.74006e-07
451.552 3.67485e-07
451.75 3.65753e-07
451.948 3.69494e-07
452.147 3.71879e-07
452.345 3.67223e-07
452.543 3.52275e-07
452.741 3.34164e-07
452.94 3.24341e-07
453.138 3.28654e-07
453.336 3.3231e-07
453.535 3.34415e-07
453.733 3.51279e-07
453.931 3.65308e-07
454.13 3.68249e-07
454.328 3.64622e-07
454.527 3.61195e-07
454.725 3.54792e-07
454.923 3.44521e-07
455.122 3.43661e-07
455.32 3.47517e-07
455.519 3.49082e-07
455.717 3.56091e-07
455.916 3.68951e-07
456.114 3.78718e-07
456.313 3.72519e-07
456.512 3.60845e-07
456.71 3.61429e-07
456.909 3.70159e-07
457.107 3.67888e-07
457.306 3.67434e-07
457.505 3.73689e-07
457.703 3.77847e-07
457.902 3.68104e-07
458.101 3.53037e-07
458.299 3.45277e-07
458.498 3.45145e-07
458.697 3.51974e-07
458.895 3.63475e-07
459.094 3.63669e-07
459.293 3.57581e-07
459.492 3.52877e-07
459.691 3.524e-07
459.889 3.52626e-07
460.088 3.52609e-07
460.287 3.54869e-07
460.486 3.57729e-07
460.685 3.62993e-07
460.884 3.71856e-07
461.083 3.73521e-07
461.281 3.67411e-07
461.48 3.65596e-07
461.679 3.67796e-07
461.878 3.66517e-07
462.077 3.67459e-07
462.276 3.71333e-07
462.475 3.7122e-07
462.674 3.71361e-07
462.873 3.70916e-07
463.072 3.71194e-07
463.271 3.6936e-07
463.47 3.67475e-07
463.67 3.61792e-07
463.869 3.56549e-07
464.068 3.56857e-07
464.267 3.62325e-07
464.466 3.59214e-07
464.665 3.45545e-07
464.864 3.40301e-07
465.064 3.494e-07
465.263 3.5884e-07
465.462 3.56541e-07
465.661 3.54216e-07
465.861 3.63977e-07
466.06 3.73418e-07
466.259 3.67787e-07
466.458 3.54702e-07
466.658 3.32799e-07
466.857 3.22992e-07
467.056 3.36445e-07
467.256 3.50834e-07
467.455 3.57983e-07
467.654 3.62704e-07
467.854 3.56995e-07
468.053 3.47698e-07
468.253 3.47324e-07
468.452 3.55067e-07
468.652 3.59918e-07
468.851 3.59148e-07
469.051 3.54277e-07
469.25 3.54025e-07
469.45 3.58814e-07
469.649 3.61053e-07
469.849 3.53539e-07
470.048 3.42227e-07
470.248 3.31323e-07
470.447 3.32935e-07
470.647 3.38169e-07
470.847 3.38707e-07
471.046 3.42935e-07
471.246 3.48969e-07
471.446 3.49885e-07
471.645 3.54592e-07
471.845 3.65032e-07
472.045 3.72286e-07
472.244 3.7278e-07
472.444 3.74184e-07
472.644 3.67034e-07
472.844 3.51316e-07
473.044 3.41959e-07
473.243 3.45087e-07
473.443 3.52802e-07
473.643 3.51457e-07
473.843 3.53831e-07
474.043 3.58065e-07
474.243 3.62486e-07
474.442 3.6492e-07
474.642 3.65948e-07
474.842 3.67029e-07
475.042 3.65805e-07
475.242 3.60761e-07
475.442 3.52558e-07
475.642 3.48991e-07
475.842 3.54596e-07
476.042 3.5772e-07
476.242 3.51762e-07
476.442 3.40256e-07
476.642 3.35417e-07
476.842 3.4464e-07
477.042 3.53484e-07
477.243 3.56829e-07
477.443 3.62126e-07
477.643 3.68762e-07
477.843 3.72489e-07
478.043 3.71186e-07
478.243 3.65205e-07
478.443 3.58976e-07
478.644 3.53874e-07
478.844 3.50647e-07
479.044 3.51596e-07
479.244 3.59588e-07
479.445 3.70774e-07
479.645 3.76496e-07
479.845 3.69379e-07
480.046 3.61368e-07
480.246 3.63271e-07
480.446 3.66308e-07
480.647 3.61506e-07
480.847 3.58398e-07
481.047 3.60242e-07
481.248 3.65116e-07
481.448 3.69706e-07
481.649 3.73873e-07
481.849 3.77441e-07
482.05 3.75638e-07
482.25 3.67584e-07
482.451 3.59864e-07
482.651 3.63018e-07
482.852 3.65506e-07
483.052 3.62029e-07
483.253 3.60541e-07
483.453 3.63353e-07
483.654 3.6487e-07
483.854 3.5979e-07
484.055 3.53463e-07
484.256 3.50255e-07
484.456 3.55963e-07
484.657 3.60502e-07
484.858 3.59432e-07
485.058 3.57478e-07
485.259 3.54329e-07
485.46 3.42565e-07
485.661 3.25857e-07
485.861 3.07014e-07
486.062 2.68478e-07
486.263 2.51934e-07
486.464 2.79074e-07
486.665 3.16493e-07
486.865 3.31492e-07
487.066 3.24401e-07
487.267 3.16277e-07
487.468 3.25495e-07
487.669 3.39634e-07
487.87 3.49198e-07
488.071 3.56141e-07
488.272 3.57276e-07
488.473 3.50257e-07
488.674 3.39984e-07
488.875 3.32713e-07
489.076 3.21428e-07
489.277 3.29643e-07
489.478 3.56248e-07
489.679 3.75636e-07
489.88 3.749e-07
490.081 3.69884e-07
490.282 3.63434e-07
490.483 3.62143e-07
490.684 3.66192e-07
490.885 3.59992e-07
491.087 3.46739e-07
491.288 3.49307e-07
491.489 3.63033e-07
491.69 3.61924e-07
491.891 3.31894e-07
492.093 3.11557e-07
492.294 3.21128e-07
492.495 3.40795e-07
492.697 3.55434e-07
492.898 3.67771e-07
493.099 3.7176e-07
493.3 3.62319e-07
493.502 3.52962e-07
493.703 3.45297e-07
493.905 3.39513e-07
494.106 3.48109e-07
494.307 3.66357e-07
494.509 3.73217e-07
494.71 3.71058e-07
494.912 3.73252e-07
495.113 3.75438e-07
495.315 3.7371e-07
495.516 3.65528e-07
495.718 3.40372e-07
495.919 3.39119e-07
496.121 3.6242e-07
496.323 3.79132e-07
496.524 3.72505e-07
496.726 3.6404e-07
496.927 3.58369e-07
